1.0925382312618843 2.086034414168435 3.7019837134034947 -5.078087837133803 3.0326960688335762 -0.950798156864608 -8.207537158521637 5.406084758314172 -9.283217894146238 -3.672122698824774
1.0069657016641926 -0.1583271136372466 3.4433335512552468 -3.2380380904405364 2.6587389194186684 -1.8271067634028042 -7.658742669720855 4.325178012953781 -9.768319667834255 -1.6776027583228257
-0.30932758880736233 3.640718361119705 2.1901064184584906 -6.6916778263311 0.6913820122980856 -1.3125503095197733 -9.204910613592338 4.956401640682755 -10.192105821583409 -3.795250268706289
0.09244673859653596 2.4838536713654302 2.5599095963786356 -2.720369632737336 0.3371741186499848 -2.7955798188952774 -9.21879719534261 4.701367979484032 -8.21321743574244 -0.613557676365692
1.7222622640468561 4.655721497930122 1.327851580086032 -4.742196896326663 2.0687732211161123 -3.1001722731562094 -9.56676812707964 3.994619325850853 -9.247664619114378 -0.44075014514170396
1.262469220803885 1.8558512317673457 1.9377835920086162 -3.56262425348541 1.6024995172367416 -1.8292147759653057 -8.523353521778544 4.93421921143554 -10.404854747909923 -1.4959889777737618
-0.07033129339662936 3.838510146390286 1.9142636870817196 -3.7545124027409438 2.7129608587321683 -2.289932768897069 -9.857861186114896 4.485807942066424 -7.896038678124784 -3.0742918351346322
2.0650817159433013 2.908803302001952 2.49181529945065 -4.296383810961341 2.7289270877635814 -1.0386863335700847 -10.210126977173049 5.674849322076127 -8.628249713898905 -1.811332223777887
1.5541737877029762 4.015539426239357 4.8858819739120785 -2.6846527042478963 -0.07184678266544164 -1.8712138744385292 -7.982074387345901 4.18132507303962 -9.217718000414326 -3.298609544117091
-0.6636749736377443 2.6855261179964636 2.0954995046305065 -3.240909246382772 1.4074873849332943 -2.788162533035888 -9.55576365981855 6.88932677178523 -8.820531261821401 -1.5646645137314668
1.6227171104430966 2.033889230881587 3.216407536004846 -3.377922325078589 1.3708396703708812 -2.242525975752232 -8.392263032046863 5.504027781172236 -8.287623814210729 -2.7357737915521017
1.3257975778981095 2.0971896628675024 3.497350926965541 -5.516855419304269 -0.25973790767649385 -2.8362261248396 -9.109578887400065 6.5740198464756165 -9.110859973178949 -3.131051432652807
0.8894438691049908 2.481859449648737 3.7221605621121294 -4.246007052240827 2.971441525401855 -2.206683820108588 -8.895369301666449 4.579082879439507 -7.679800612680822 -3.070441244475359
1.7523662227628147 0.7714174786756074 1.7653533258575225 -4.138541740975886 2.8371569851973835 -2.261338345991313 -8.041057909903172 6.607090289184417 -8.784777844852822 -1.251137429478646
-0.7743546695214834 2.983791329192308 4.426063113705696 -6.044307029850788 2.184279005768559 -4.4041363801979685 -7.405361761324463 3.7686669794697774 -10.254722561637493 -1.8697344025320817
0.9231955760298673 1.1118348240763638 3.289600297752941 -3.1696334328677516 -0.27163668323426604 -1.100589961467013 -7.874046204669158 4.110919360277162 -8.296451959198691 -2.312984088375018
0.33046227353549695 2.7783615018038437 2.3159749135046024 -4.742574303820734 1.9099434433005915 -1.2275433577576749 -7.828840310848669 4.833633646373892 -7.575189750147498 -3.5428450859767042
1.9890633440240417 3.420675058854311 2.6280967306954275 -3.665729269209692 1.9989639224933042 -2.2849717694755003 -8.00580009619526 4.3914373706687275 -9.931133944950057 -2.8027396300504965
3.3374188573822443 2.6887711243116255 3.191148471671008 -3.652992352304677 2.9705114684129916 -1.5103421526184504 -8.303341061723662 3.5749707566133644 -6.720981402280207 -0.6453690666336667
1.501981303107844 1.1842485639650757 1.8407090899820897 -3.0005306678442136 2.201924343083315 -0.7209890667965531 -9.210044446775173 4.512024547116608 -7.9994793309253085 -1.6191559411030951
0.8589742725604276 3.224276085956986 3.297442623751964 -3.4111833707643227 2.0814274572101485 -3.938650332155577 -7.9957958387758765 4.134703792607552 -10.391214802005093 -4.026741761957639
0.8128404198807649 3.02042074583413 3.286146594393875 -3.660755885383868 2.0514313545271388 -1.5864717312773724 -9.041493078591465 6.153577832278935 -9.304307201132426 -3.197265169393189
2.3437004283309406 0.7561150628540938 2.213035398553896 -3.2938749517533115 2.3536161657264074 -1.9233585902445138 -8.451072864696535 6.886180008515022 -8.814422926866726 -2.093039369140744
1.6435515636745062 1.7863799590604323 3.2664414792219754 -4.35695055223256 2.983196170391177 -2.1783463773219007 -9.671466045234665 3.95467334508922 -10.260379220795063 -1.7962646886787406
-0.725566562715692 3.2607290245717686 3.34044901455938 -2.6822050920100904 0.6388278917633123 -2.9919456066000105 -9.778203472860437 4.453831098113111 -8.036592467175115 -1.6770165558832977
1.1716248091932042 5.275059115176569 3.787545428528941 -5.135429528543165 0.514273858932123 -2.073027780676028 -8.404683500874595 5.659539760345804 -9.332122131516234 -2.484324250158046
4.361098125918344 2.3665930080528987 3.0832704614212405 -4.065975070075317 1.4783879468050332 0.1496782991687815 -7.230563139531868 5.736483690160446 -8.529947597477141 -1.437645756443063
0.7726464377320178 4.681792226780882 3.2556108176717085 -4.7457393629509745 1.13224726312129 -3.3698705820387347 -7.927797271922573 4.906743144154617 -8.788919836080595 -2.0993221551063197
1.0366063843280808 3.2526896538596417 1.6858387846340996 -3.7100952349564076 1.9974291929670083 -3.534500945459862 -8.017597497545237 4.0652357236473975 -9.69542606941829 -1.4084713287089698
3.5333246929957265 2.610205217642743 3.4329073524829083 -3.2995601680676705 0.36659097799795615 -2.03879092955239 -8.069824087975748 6.997283515949466 -9.17449692473487 -0.9908535951257174
1.085104472306289 1.6973585706164063 2.671795221862851 -5.700172274258252 1.1560005208897053 -3.4749460400413223 -7.645277206374368 5.075457094411123 -10.394799056769028 -3.9231705403357227
0.7803489171744868 2.147382891699339 1.9636409873389042 -5.428774909405666 0.9597616889051087 -2.895784720624754 -9.735185024365425 5.149250414969969 -8.80966905937358 -3.123170249325485
1.3817495683385368 2.7321993713663346 3.3112578109644395 -2.811230069044011 1.5018314745575077 -5.007856090692837 -8.520789781068832 7.692145284841929 -9.346634378040815 -3.0728406777148685
0.7612604514246993 1.9913087864117944 2.8177016838195503 -5.00352510495369 1.9783234266021683 -1.5787904520924259 -7.543749594285837 4.405806530192343 -7.982396559527785 -2.736591228914246
-0.18602456621727947 2.9585664178515927 1.8873840380629654 -5.09537738918743 4.032186573971947 -2.404835825560655 -9.959727420330436 3.46541414573489 -9.175497002281809 -2.239865872845167
0.9306487388635297 3.1532192449770555 2.742032567609051 -4.637682001416603 0.5502324860211425 -2.181258059571684 -9.444027880878181 6.51817723980667 -9.516003422084758 -2.577181025137914
1.4449234046231625 2.9076367042513964 2.6475729616350523 -2.077061743984773 1.1965753988370194 -3.110460375126041 -9.699232969356942 5.771819052287519 -8.984557204748903 -3.134008894571691
1.034880622557278 4.900208325964 2.794240804433009 -2.4699306387757085 1.5976767221569568 -3.4352641193643447 -7.768325373295865 5.8836457989489634 -8.496682691602217 -4.262788610862598
1.1195631404057012 2.0432848011097673 1.9452337278236422 -1.986806474398709 1.799009300084278 -0.8809187450694012 -8.978683456499072 4.070903835699948 -9.432819669161649 -4.069199845940641
1.0752054180703032 3.646139319709404 2.073609968202363 -3.6874106098188424 2.243421429778937 -3.206831962055939 -8.854030398882335 5.649318410447127 -9.213467097990685 -3.949887540945169
2.105181283565056 3.579930408362321 1.4968228662963428 -2.778337196124383 0.3853290046996365 -2.5687252371513853 -7.34656413318837 4.586054708801757 -9.086710173270077 -2.532958827133595
0.8686407250185102 1.7298403246668965 2.564115186732332 -5.401568247209172 2.061484790330256 -3.793034461839477 -7.747175561994244 6.1437616141260145 -8.53806971816162 -2.8122241413374542
-0.27755745805926546 4.840766263141154 2.7902372083594376 -3.8457427603981453 1.2162906530871942 -2.1586959822267637 -9.095553324402019 4.523303052270734 -9.801081182231133 -3.4831578189074555
0.8780789507382942 2.1439939721043073 2.569141012395343 -3.9968975829354028 2.4744529572514096 -2.545943563185229 -8.138037838019313 3.558498603716413 -6.56054470391326 -2.1930667704748243
1.60988598209146 1.5415978291333927 1.799856376695667 -2.9551482432753344 1.9617651823856985 -2.549616093616034 -10.108661264392103 6.126316542846186 -9.660664452716102 -1.9263931785980355
1.0401289755747836 1.6360868586203983 2.7715473715486163 -2.9385572247128895 2.216500909296566 -3.2412219229463197 -9.551539721610409 5.087171755787479 -9.044455047072956 -3.6905391618500003
1.9008089262230874 1.9615244453653053 2.2215803399865233 -3.486025831393633 2.0683012402756593 -2.600343208838721 -9.058085330121083 5.70789271637306 -9.392163283523729 -1.631509493516196
-0.07362961636901133 2.513910842880143 2.344224026766462 -3.7010185880850766 3.254481146659794 -1.8397840457152932 -7.963619950224754 4.462242841246219 -8.544688595929495 -3.344260745551526
-0.07672899455271831 1.4911559836554182 4.820907349079428 -3.4251626113443274 0.9053391077439559 -3.9163862333978106 -8.228752365035858 5.999211949292765 -9.817721543676958 -1.9242172808836762
2.2339856852055564 2.9619198192405642 4.604347359259966 -2.6764044190104723 2.9079775225131423 -2.8580062146338427 -7.378074704552014 5.758878964860766 -7.950721685677689 -2.7113413659095733
1.2999031442509907 3.606524532435228 3.2201657685140876 -5.025156850235744 1.7357089509293644 -2.863952339748315 -8.31959043627652 6.104644094586407 -8.10892752911949 -3.18500067426251
2.1368770660244802 1.1794305384707813 3.870753518039862 -4.6280088302193985 2.2266301809127578 -1.8997098234439866 -10.022782639434677 5.2952216769822416 -9.163791260882926 -1.719923629763087
0.8426877243565919 1.5634575904385213 2.1416398473216227 -1.4919018056999969 2.493456539083272 -3.2590116158976645 -7.37103750501332 5.166401166377653 -8.337757321813962 -2.882637966861692
2.2428588030116847 2.6196458029127196 1.6478270984609158 -3.2420461999168606 1.1493569832611557 -3.437384882597085 -7.967822965106495 4.518054690106607 -6.740356910147748 -2.2985457778522913
1.0277609477113463 2.636423466980258 4.630482965943684 -3.8055588491332 2.461567892109947 -1.895569151674154 -9.4939674994694 3.9593185306617364 -7.772632824990735 -3.254950469501675
2.7860339173035773 3.518213656315166 5.115043991410298 -4.3462125180950935 4.295549502173274 -1.9858013479549692 -7.933558711889906 4.227813326639465 -5.5796287122474055 -2.3587554539040076
2.470054395198623 1.6672447472143372 2.3183731474269376 -3.722916197637245 2.0626945337712335 -0.8346142373474106 -7.142381142941735 5.790222411006556 -8.863551743600006 -2.6120430405541852
2.2201262312944037 2.703833844037508 0.32195311299986473 -3.730657455335572 1.9078752055150832 -1.8756964424167468 -8.787739675978356 6.9729786721692095 -9.191870385196118 -3.87988802670378
2.5564346885825797 3.883251883289483 1.8768504079106707 -2.7627140907936267 0.6776935412063798 -1.9219981478525583 -8.456719298002584 5.242568336370936 -9.102264375547028 0.029210945750707484
0.4488868415170977 3.58306855742289 3.9548242876435618 -5.7948311239222345 3.780828777642753 -2.9599348517985478 -9.691335962642334 5.653344228266945 -9.183089746761953 -2.10035571352922
1.1354930801483678 3.040720188188901 3.395975189935438 -3.2457832443632113 3.1317202990461803 -4.027090469457623 -9.676562237411046 3.9175675685484794 -8.018965939450162 -3.1004922010201024
2.02523326616394 1.6665640110388782 3.143101947041123 -1.2032147587437452 0.757054107263754 -3.035474788779423 -8.364170212378289 5.978284213791502 -9.918757567462507 -1.3633276693251912
2.8865417051441593 3.489775347642154 3.743588878307598 -4.121384950220313 2.478588470179338 -1.122319980398825 -8.569636054293678 4.570899642212827 -9.375589159710684 -3.0118043702511863
1.4650264244346798 3.221368496811506 2.347390828533308 -4.698155015405681 3.1856424499883573 -2.809457678299682 -9.953367516032802 4.550210410287994 -10.71044401506903 -4.355075376879273
1.0300664515939544 -0.022242295875789964 1.6980274854814428 -4.203318454435499 2.605255733603116 -2.023725303327217 -9.16491670993806 4.584723586475756 -10.188555492091522 -1.043793578930717
1.4712303667123503 2.1716838509546847 1.900954124007408 -4.268560358016639 0.6709291480585162 -1.6732459029094418 -8.077114914174862 5.206986712443423 -8.652320246364244 -2.4971837674857307
2.4890272250366676 1.1773542217290498 3.4506918509728317 -2.76336693462277 1.3369190544220015 0.4812272880401607 -9.386404408463703 4.175462224803862 -7.873243153688111 -3.340808170737387
0.3671119927514579 2.4665655021086397 2.3599364281752973 -3.619308078656867 2.01542733794922 -2.3808607289793104 -8.306106144218946 6.080108133005987 -8.288174154406656 -3.0543312522233497
1.0890836232202736 3.317743242636754 3.1096912437529554 -3.656275144078825 2.603904536310295 -0.8068675706452764 -6.744612024933874 3.751965626711633 -10.21746591620314 -0.0007237554603825025
0.8230812609938257 1.9501604955357752 2.861548986384627 -4.379224350409269 1.5870361879137929 -1.092626529454786 -9.823885960384946 3.2648103354557163 -8.596171118297681 -4.210930170892343
1.473757233214859 2.913040373770031 4.087434760228941 -2.6430516347922914 3.561169937332183 -1.4723284281679372 -10.347685360062066 6.694241275178969 -7.854816705844394 -2.135487865591044
1.6448698264687365 1.7161173517071415 2.0052327263467684 -3.993442660676746 2.9219626585327685 -0.9918762517754207 -8.532801053848488 5.464547754301587 -9.831042415615881 -4.67999697212129
2.185862247674022 3.4537716964500436 3.3998617723485167 -2.640990142892539 1.7366576184816702 -1.5568181586033671 -9.50381220256926 3.723153428951781 -8.330196847027551 -4.6786136501366755
0.7307869053145485 1.699170673162418 1.5126479013401977 -3.1442883225770206 2.08140780821769 -1.7387336847857648 -9.40098651278432 4.732993834347245 -8.424850735788446 -3.8496702402061347
0.43518684578916045 -0.10563041236509951 1.9191483426637006 -4.174988061484778 0.9739994070025358 -5.747980003663805 -9.397616482550328 5.689917376633993 -8.97195199829223 -3.391081902330928
1.4797663441978224 4.23295229561413 3.6093485539970502 -4.182755795611608 1.5754429565951866 -2.7135946107996087 -8.91340485180718 4.772412256560264 -7.413012180735998 -3.428339243940388
0.8852898855598894 2.7038181146078335 1.4387922715240677 -3.6125933303761117 1.1867119296555346 -2.7100072226888914 -8.036776962536896 6.249058886119267 -9.062823264226342 -1.9936475952370887
2.8732840856086 2.6658663585128046 1.413684958878802 -4.79035175994305 1.9282455025965985 -2.818465700906834 -8.488954374038002 5.3880663820437045 -8.154405698528013 -0.5746344644016981
3.8886644619286144 3.544502290115821 1.9965321007605716 -3.610240738816304 -0.6461287056345952 -2.059426765824453 -6.551252890886019 5.128623250870714 -8.174864177281348 -2.588391706478198
1.869360602120865 1.299773182552481 0.8693706002545991 -3.7145821548391247 2.7048284417721065 -0.7627137223896407 -8.461365365426985 4.00784682852814 -10.332813919019342 -1.7946625727143535
2.240805938436616 5.015164917527797 3.631758381551577 -2.773447698177524 0.6931777929788312 -1.7761531874855234 -10.204490456696522 4.8926155488398 -9.088634309940192 -4.109295721924856
0.972258409119423 4.226473108679667 1.929175829402853 -3.4924315033585587 1.8957610173877422 -1.3933445057256002 -7.650840636370112 6.2479973390399755 -9.624948867889781 -3.804340345343442
2.355049255103947 2.9614363446449508 2.487576922658191 -4.682098330638479 2.4971140612956026 -0.9371254966768152 -9.673201732289323 5.907110853762517 -10.02775167408268 -2.795008756719068
1.0968117134882553 0.6328934608177983 4.817527039493305 -4.010455359698043 1.7439302918662865 -3.044727315723754 -10.199127340286953 5.053086938215596 -9.17419555119221 -2.9137405348904193
0.5390080026131782 2.8346494970409686 1.288224528621947 -2.877908959386276 2.607795490904401 -2.887377899403372 -9.323365594261448 5.850208801930377 -7.473135893595057 -2.828802645155892
1.1946396171971099 3.6058964245549485 2.0165671451144735 -1.9117267332818375 3.567508991317495 -0.6839258441716161 -8.625897977618786 4.277024669741749 -8.914370376875931 -2.682166868674628
1.092665268659321 4.845626562885639 1.3374785253855128 -3.5559874118893435 1.707186342011098 -2.9081836014553044 -9.159680102167142 5.613698760050369 -8.391119769736104 -3.317490963796551
1.5632258813122057 4.765753145694491 1.23952160260113 -3.986484629411109 -0.44737283750098467 -2.1593769639814044 -10.353828486272945 5.000067212034026 -9.101844907825512 -2.344443523583548
0.8619814537459152 3.696590295525212 1.4237560064409531 -3.8912207085924204 2.931152342233419 -1.950303476784982 -8.290172212897312 5.486816262479778 -8.78491637512146 -1.657748251857925
0.8001236274977993 1.0003416647144514 2.620391663980238 -2.60901116929442 1.0303803541121326 -2.336658227223068 -10.06983436853872 5.721834746269847 -8.739499552765446 -1.3631221553309123
1.326749935373458 1.5444330710805876 4.03303013996938 -2.470408173630518 3.677273846798187 -1.4037401956366011 -8.187916366622014 5.889160169041574 -9.320185717827142 -3.569475414529027
0.5504640058328654 0.8771476404617418 4.752506666494224 -1.94650358540485 0.7214972449507957 -0.840665371169756 -8.895673558762269 4.491952753568775 -8.932701259697394 -3.891405412937983
0.7592699655237966 2.630529571804674 1.0111372389860998 -5.072156672799361 0.8020516040170472 -3.3274617312421206 -9.419980905298933 5.1176357679189355 -9.726536708413946 -3.1280299207006195
1.3941094904861309 4.260714103518721 1.0921630556288506 -3.940997844190868 2.111403034447038 -1.9886883469568173 -9.008877714810527 7.148367673033935 -8.443708490366875 -4.099951780375317
1.9270036910344255 2.0512806049815575 2.639259920095823 -2.0586799579768256 2.02041913010578 -2.8718852357385947 -7.345159828150454 4.48871325104321 -8.284937239645261 -2.3982043368231407
2.0655286742135437 2.0732792646957185 2.718430822470252 -1.7672030513573693 1.807274155505485 -3.0382997260796407 -8.095628134008487 5.45185468487064 -7.755621673956967 -2.9521007988373436
-0.19354260944866475 1.520302388082571 2.4331837940150587 -4.175369284673102 -1.099781829304777 -0.9764467538771457 -9.58106759810355 4.272144385946104 -6.965971218918169 -1.009975742462406
1.3202051029512785 2.85071985337481 1.8856360348768368 -5.124065855984679 2.4297159973679205 -3.0417337256071795 -8.88888284729687 4.662564646925516 -8.075737686044327 -4.433267682081648
0.23812360469110327 3.545595248866124 1.2888040281192443 -4.53181619368871 1.2299268656201336 -2.5176611489824037 -7.983759679626312 5.2692883408670825 -7.300203368061138 -1.853881800272399
1.4188813277946168 2.138047385317074 3.0606425209038273 -6.565343232814568 1.518171642237253 -0.9823744242709731 -8.172555353605002 4.1863668649963435 -7.740493622871237 -3.0131182955680194
