4.003957273540681 -10.182673726105893 1.021876539141195 -1.2838751603141203 -2.7760874935631 3.170959626760523 0.4540291068256206 -3.511960326288884 8.722354255437132 -2.6564415766604386
5.1599912250413 -9.441019022362752 1.8583156481078074 -0.3030576282060442 -2.2588188389356727 3.7331359484971043 2.1375240162049756 -6.824183053343599 7.773529228241129 -4.245689920158168
2.519674445321401 -10.107553237334143 0.7446779170265778 0.6376219790150413 -3.7653073024716495 4.052087349351712 2.319614924679944 -5.1173458222465715 6.009176452027349 -3.645699323253816
3.329921431453793 -10.168073909483816 0.4682091856090804 0.4172145969108063 -3.315620017585769 4.207006018463441 2.224942587567326 -3.74123766291892 11.089912642886285 -3.573438270717236
4.814340271109909 -10.186332585700217 0.751693731814677 0.5916570722588101 -3.756495123763718 3.5995225905407677 2.1593647601948485 -5.261100503579647 10.112593758666375 -3.249884308410558
3.6470590453596996 -8.828730204149286 0.4785462642854231 -3.0498758241784474 -2.516335874259111 4.972087322623581 0.9820113544895567 -5.151173584004656 9.395077912431324 -3.9566242638734317
4.3607269041974135 -7.341265073270659 1.9181549968435214 -0.03125566160369797 -1.6118161285451609 3.539090868788115 2.3684181724521447 -3.7622158084236066 7.064023996800659 -3.2252247041964144
5.258129863613257 -9.2248961813564 -0.04106326101665492 -0.49735659448444314 -2.9550669044145743 1.9697579648517152 1.0721076346697553 -4.853786611040023 11.63748904072943 -3.5211687939345513
5.347075857433698 -10.415182607611529 -0.2650305952717681 0.0861799156858889 -3.1511452650972167 2.491034807198669 2.224364959949987 -4.607058810811595 8.78461990277365 -1.9120535744973932
5.314192391149631 -11.378961352508735 2.5466787057382496 -0.4884250304750049 -2.4333813929793604 3.4348484600211506 0.7483300060904226 -3.6329187071539533 10.055705599220055 -3.2277767655153338
2.8479330912211527 -11.184420161959032 1.620425711446645 0.348733675883516 -5.135776963907188 2.7191278554966813 2.5779586705466917 -4.744203777655741 9.55262685909943 -4.414567442862578
2.9953192802103876 -8.88348226556852 0.5952542184423015 -0.06194603936547971 -3.726294024679124 3.459015959308522 2.3533255835690556 -4.9091640202807625 8.215421714420772 -3.2409965202751128
3.790928657998908 -10.93683995131343 0.7322211070606854 -1.3630943789401369 -3.075275765228575 3.198993989823335 2.339713038272072 -5.986929562869305 8.234637206983932 -3.656337457483925
3.971325701083893 -9.417059674837098 -0.6192857141959835 -0.9296781463646886 -3.4769321071977295 2.464226804105416 2.337393980297521 -6.3448296246273355 8.059023276439781 -3.87745247876197
2.7454469500496854 -9.511845712455326 -0.8977832975926494 -0.894586587758132 -2.404693765473575 2.0618503593429143 0.5651861487779144 -5.169073152360246 9.910154677495283 -3.874239509797308
3.920819179599974 -9.354014246102224 -1.0422975441061755 0.18392545845216324 -4.155835651249197 3.3040261696149282 0.13512187687064459 -4.882138157302871 8.937528528207219 -3.627938557312879
4.663573599254285 -8.677046604990855 1.8133918955376882 -0.22172535426856704 -4.56514612198213 3.037821260533884 3.036636373624494 -6.049277000901005 8.75554979878597 -3.7969703231718537
4.671890204055275 -10.742187327619373 -0.2931600678410279 -0.8160935498701456 -1.9631824661208044 3.0270927909108836 0.8489480341620825 -4.950188604589783 9.763556856836077 -4.91092627938533
4.255994662503884 -8.436633231272388 -0.6818687083663713 -1.8891612847615373 -1.837960888478049 3.7355360120830694 1.1700215207048665 -6.69143222409742 10.923299283196723 -2.6304428420115853
4.920519456768802 -11.28876102462408 -0.5095672248590322 -2.9123711242698476 -2.7479887014312894 3.888283115598914 2.3027014250134323 -5.441832824957669 8.770071274680747 -3.8022835687196745
4.553678848925399 -8.831950179968834 0.5204565162853467 -1.1912864982364626 -3.1225203999527804 4.426889828995344 1.9302234117606707 -5.0625439435081665 9.397142619694504 -2.9181779905178673
6.155831661217521 -10.112461109997074 -0.45568224644362876 -1.9962219454499062 -2.9555393348763737 1.8731750934099392 1.503472951316498 -5.334709502215904 9.27397743922169 -2.481936288142874
4.444612670278014 -9.6074777439802 -0.3360789630621448 0.8405340037425817 -2.74223799465104 3.666226152950995 1.1880189686021816 -6.914768382297268 7.586265199684368 -4.857305979592526
5.147526545646435 -12.292263030757463 -1.1384336502666912 -0.27672295856844803 -5.402646847226443 2.794216053652775 0.5631937427047609 -5.191977578514497 9.363918307375162 -2.6279803758518607
2.2073421459724165 -10.16289984652158 0.7805721184501633 -1.4405078180966295 -2.2422429874089325 3.1859533567006237 2.877939201735216 -5.519999497599722 11.68923718903554 -2.493221558158929
4.77845534589229 -9.74481174480766 -0.9482885184746987 -0.28704043235351917 -3.571892147290449 2.6429770416963856 1.2095248063617092 -4.990708166821614 10.705232347655464 -2.90287530941424
3.313000362093356 -9.773712363599595 -0.044910179100243586 -1.342073412326168 -4.859956431239775 2.6577613802864457 0.7853621304871474 -5.347964882185302 9.034836537867786 -3.3287345236088894
4.646157926706901 -10.861670950726412 0.23841940481602827 0.06155099064126912 -3.8808062207309697 2.5967125500562402 3.401809723429968 -3.82507560151589 9.49487685616807 -2.6063821456397536
5.000842012048682 -8.347596883308547 -0.5807939623462796 1.8734861697287255 -1.942501247330713 3.746072827082886 2.6211021748543892 -5.73050458220253 10.603255572655312 -3.8852006198303446
4.3320632910058325 -10.193906191071628 -1.0627320501860276 -1.1129738622833854 -2.4795902137695345 4.727607810602513 -0.11600685918240194 -7.172929545682899 7.455985459709437 -2.147570844099545
3.9314652391510285 -10.048438888683187 0.9196053340907215 0.6292001143549748 -2.3549295030422956 4.57923100381182 0.3865805515964327 -4.640039979307388 10.010410181734757 -3.3807962985640785
4.89006386060062 -10.400095551898008 2.6667315388547554 -0.04300924791140781 -4.4608753987208924 2.4510612673260046 0.5450087468268054 -5.186197234050986 8.292831056913025 -2.4036727670895326
4.039020379075859 -10.03909741170274 0.39728087688378 0.7326156434787334 -4.397981005933475 1.9876715301070582 1.0466122324525085 -6.943233986424075 7.7440253258129115 -6.142971624779722
4.580389363767439 -10.175820488606654 1.372813694161778 -1.110732527369039 -5.457441355390543 3.379449792510311 0.6362725176473618 -6.217359301300474 9.537915290642507 -3.4128161250900426
4.917052037954958 -10.702042692467037 0.4967729855466537 -2.311494670662584 -3.7566524176831235 3.6369459040004064 2.415793055889047 -5.9125389554387215 10.08056037924435 -4.924961133089068
6.084270650466237 -8.772012176957482 0.08925352269946898 -0.8367051787589466 -4.1551203217334365 3.250452138019979 1.7900571195943518 -3.974597393739513 10.765127216922775 -3.6426950975038688
6.194444043153865 -9.463159112229816 -0.8890551497707142 0.8593872284499622 -2.6127887629304296 1.4408147849907222 2.2876979669588726 -3.6759491582547676 8.32981188217742 -0.5043293811775396
3.908929542654896 -10.310520630252814 2.239914027495163 0.30533981305215385 -4.19685635446272 3.250424518518993 1.21607508035963 -3.9395605537799767 8.675678674942887 -4.72097572405524
5.99598622722538 -9.20723579933882 0.7673542055551525 0.06833406049475177 -2.8581560473025127 4.791779684775684 2.4147454989281076 -6.1146197125823205 9.069529381663253 -2.707939819864989
6.149012861214208 -8.338263411618543 -0.14059403810752275 -1.562978626391046 -2.9859927858272433 3.2968694823998197 3.0897378207590043 -4.72732563643571 10.130604949556009 -4.066924933606593
4.734370095422752 -8.751802181587603 0.1245928996346291 -0.5320959138148749 -2.2389930486310194 2.785633878273753 2.160423988794016 -3.9679284952106033 8.156504433228639 -2.5664549553228935
7.958947118226131 -10.68053334228915 1.1775431213092942 0.8571568022677956 -3.9064385457442636 3.2412034770132983 2.721923161765611 -4.2348742832797 10.109875652963058 -4.85392687173809
2.866483445797805 -8.04482806675295 -0.45059327973667407 -2.2839739917512722 -3.3522841272402073 2.3281927019253983 0.5473110398389704 -6.6488144631258335 10.141537499037957 -4.437317274723265
5.935678899599472 -9.542586655268316 0.6401497328518659 -0.9738892131893638 -4.994370711699246 2.731786239376612 2.5607307164183553 -4.6662575929768435 8.819271387979644 -2.807606595502175
4.595665112553785 -9.843468593428218 0.7102719215365418 -1.8806041606102746 -3.828814192004299 2.0413032241089932 2.3783307022589266 -5.417435161754407 8.070317930465784 -3.294579016760014
4.380769260876157 -8.372227404815922 -1.2499140563326991 0.01255667167077279 -3.3566501269176734 3.097221368366123 2.0739910907504058 -2.32097187395051 10.089764514349742 -4.745801390468696
4.81992365854815 -8.707239361453512 0.4801125238395083 0.4531340192571158 -3.782389702562896 4.63451264192246 2.420436307402343 -4.982472760481015 9.945140643437353 -4.035914694778345
5.577412850832681 -10.777415363290297 -0.16822283645449948 0.09520333030471129 -2.9875640063508198 1.7541623723991435 2.67604266349035 -5.29558149465915 10.232067770380244 -3.6879583272531162
5.553061017059665 -9.594090401609566 0.6760938681813431 -3.1390253201891856 -3.9513997634694453 3.8101412225378373 1.1383279942832445 -3.7641692797507886 9.809702425618067 -2.7119533136056595
3.591045248182703 -11.381859906763438 -1.4244057495476943 -1.9183738197905926 -3.0851930829126695 3.6055751831614042 2.8727106061197496 -4.485300603159077 9.398064133938254 -3.62560699361065
5.400844309614943 -9.070873501131794 -0.8185808240885029 -2.0895061555112298 -3.7420032735243427 2.5503035088408645 2.27721402636276 -4.210770947662359 8.211229455210086 -2.6698462498522533
3.5751923705635598 -9.322346934691186 0.47644640222577256 -1.5886762350324317 -3.6502955055461657 2.421263727723434 1.7485924393303143 -3.2654143934041056 9.125923753322056 -3.2369968552644037
5.278594170075099 -9.583339351371315 0.39466545156788513 -0.45844675572861987 -4.401525292416924 3.6300852570756774 0.5134138705655846 -3.57968994629709 7.991766372448961 -2.5740481006257396
4.803683992817405 -9.456394488532778 -0.24683719907549773 -1.3669074159956003 -2.2359419838671206 1.893081096320697 1.8481485811452736 -3.819186340684002 10.910121315506409 -3.5425743977921864
4.831702725267415 -10.979513684108772 0.09122676135683969 -0.539858867951167 -1.5333489525378687 3.3979803663224533 -0.6676091721190129 -4.771818632687991 10.217712505837468 -2.8453331413190797
5.980332580304021 -10.72171381154089 -0.03454822852102135 -0.6487135406491231 -4.771110705352708 3.7935151574583674 3.619438487626085 -4.4672863568787395 10.309410884993627 -3.7522268581622664
5.751527790620416 -9.10911406083267 1.4667188318480422 -0.4846582152154919 -2.4801793940500247 3.7756823461718017 1.8745829562162375 -4.558409017088502 9.588505215736335 -3.069580744277815
5.41346661857771 -9.457420935412761 -0.9988160417232563 0.29730715467443725 -2.349196437905647 4.275003490999034 2.860844432375746 -6.1556424732549235 8.64627252329788 -1.6513195170670318
3.02635825057973 -10.586957897978985 -0.16633875627166295 0.22520066774919156 -2.5634269924016007 3.973286127950547 1.6215142214147371 -3.3995097611878515 8.599903971117788 -3.311407225699227
5.182570145857402 -11.896067874174339 -0.31512648142014243 -0.12745079033225737 -4.061870233817759 3.885765353170407 1.5342181354086468 -5.311537155256843 10.297600502190802 -3.7969729054314656
5.022406439450875 -9.066100618716806 1.0026498400907435 -1.1964157992998603 -2.5178004661413005 3.015510453916813 3.3975986823147846 -6.097009224446711 9.161516143825313 -0.7132493603869596
4.5110252593546525 -11.657980205562632 1.636471446559846 -0.4334590487952585 -2.555609789342148 4.9188102768297615 3.134804980464818 -6.019868675563106 7.662721385385138 -3.046372271835151
4.485171522562135 -9.670502900014698 -0.49009052411529364 -0.8260344412261881 -4.709136090773962 3.8205801928233827 3.675914505108169 -4.625611196862134 9.032000647988013 -3.59550671855903
4.017944371595156 -10.220438976629506 0.5097669102905599 -1.2357288502821426 -3.752782849058561 1.824317908488082 2.967866166459248 -5.932745343668662 8.23281513286436 -5.12281059991495
3.2356444906066275 -9.744727390414038 0.45644088229081803 1.3966185276973437 -4.187774431387292 4.522262825057051 0.500247680767596 -4.745795894065597 8.88011824546103 -1.4190659015836917
5.671355809590028 -10.752673612974359 0.17313250365686644 -1.9556568987815413 -3.318418942120601 4.065613436405334 2.8563444166575938 -2.821407485220716 7.019045861348632 -2.475793861476324
3.636861363030667 -9.32715004836456 0.9004918293988562 0.23245839066661267 -2.1759141805190794 2.9463860852744226 1.5069436630234834 -5.018550692879958 9.008133505049312 -2.502424782945086
6.026330616625407 -10.200761979684152 -0.8149674198244465 -1.0022910709414772 -2.6255103266785667 1.0507950136752995 1.589228167264368 -4.836890007569387 8.937226871310099 -0.9500411912605053
5.906980809958112 -11.072813998186746 -0.18992860756334706 0.24116091766944714 -2.55772863010482 4.055473451730718 -0.07824980488804467 -4.1933581163086275 8.965608787817946 -4.1380504704623755
2.8999971757367264 -9.771377396375735 -0.8171096979337973 -0.2595836315111969 -3.0924933633361986 3.199859664768012 1.4962329137506367 -3.805099205879357 9.309144943707047 -2.2163409516079673
5.345983771622717 -10.416971728991307 0.9666073626286236 0.5673215990598159 -5.221532138092282 1.6970281461259267 2.221477789258107 -4.1441799244142725 8.399314764236067 -5.103280467781569
5.722984952960928 -10.909182910167948 1.4941741049673438 -3.144203062349947 -2.7558533254196687 1.3973622188034447 0.15569175540174962 -4.065279642851201 9.647765460347783 -3.190331384347749
5.913052635844325 -10.348327192294244 0.6090596606612241 -0.4942869105863055 -2.407593360999737 2.5923414326141754 3.6103971141267692 -5.876056546069387 10.53817464914767 -3.50237531791695
5.205323484426346 -8.472383394164492 -1.2038375500979146 -0.6910514348887843 -3.9406931262141818 1.908756509424657 0.8539577456647197 -4.179784091792489 8.976541759449375 -1.8011328549209855
4.6844589742492975 -9.969924013564174 1.7886488246804408 0.5321368285603791 -1.8321954691753042 3.284574424969844 1.3616218946902388 -2.3316801840791315 9.46359208075891 -3.340188792484619
5.246530531046165 -10.398789636401503 0.046097951718469365 -0.765781212352591 -3.3783411738187965 1.7353297385841155 0.42109034102414467 -6.075749190945472 9.34715928206575 -3.8730950100592745
4.2509710009144355 -10.450602128648933 -0.956558738956697 -0.42331917875357383 -3.804910845423588 2.5273429896408857 2.4075314023156342 -5.609609715646214 10.331542898078142 -3.111952106754436
5.841105011190565 -8.853057254046572 1.7019615451310577 -0.9601068844998637 -3.180495292081722 2.63582778979748 2.1449752234814716 -3.5535264169505374 9.760791995222693 -3.3931748064331684
3.7417931608914663 -9.614505741590163 0.744576215798299 -0.7255054075075161 -2.418067146644162 0.9419517184479651 1.7197150473416762 -5.541858933625415 8.991146123806153 -4.239554609636264
4.352101068613822 -10.490574527223494 -1.5806372127627581 1.0685248076453866 -4.449823392767129 1.5516552999289719 2.100283029152498 -4.984651298176666 10.513078873740563 -4.451377912523337
2.8341950781195706 -9.640913569098968 -0.18905292981931243 -2.0608811616778233 -3.70670880666129 4.255661840057682 3.2439246685550946 -4.614878545904416 8.942976788911999 -3.6142873767731203
4.2698367538038005 -8.941240114525169 0.018998641555880547 -1.7165375453096412 -3.0780142754209603 4.087790134331631 1.1109046687268225 -5.323250604336041 9.103906088798624 -3.0441942634813746
5.215464165705045 -10.379090216284196 -0.5470157343950534 -0.7793077969196202 -5.237734809441779 3.390733136280607 1.206803771294818 -4.296479585898152 11.635565039064026 -2.2787595555811153
3.754187594633867 -12.611377588497538 0.2889233766779784 -0.4406224412861157 -3.0952441616740485 3.2801936909621148 1.7953388887273074 -2.964968036906434 9.805444225690376 -2.7995161555433645
4.234088213144473 -9.051772758603837 0.31220183380946076 -2.2123163546093814 -4.5023143104812835 2.7943460341224418 2.2241552687346857 -4.548345793822478 9.907998071448683 -4.173810254828208
5.273214708445624 -9.365581285743229 0.711715944579483 2.0542081451273835 -2.6105701941137487 4.377797899662373 2.1347391454327145 -4.921519842607805 9.084995808439148 -3.7065832497593623
4.544533738566912 -9.768023474437834 0.14775847144309695 -0.68540437601911 -3.3339277551829967 2.2792531357253254 0.721726383186049 -6.572960415851065 9.096555398273429 -3.1161199456772852
5.449219238081882 -8.528720526474192 -0.31306621246796507 0.10968441716533583 -2.8427234934576773 2.1228993122741393 2.6911350326214576 -1.545815953078454 10.057217974179377 -2.7576515372088597
4.981631326302047 -9.32970727139195 -0.8789503572021111 -0.8379647310575843 -2.720536240669328 3.9004853818675875 1.8207401241298171 -5.942207706230691 9.383754204110389 -4.072656481235386
5.531105994708199 -8.662593030720195 -0.7719532443873829 -0.04143337504484468 -2.8755243265952624 3.5565192453179866 1.3649769927937987 -3.611639869540063 9.206036608601769 -2.6574442397589086
2.6671552780221726 -10.107811863760825 1.6694774752505865 -0.48661484924573273 -3.9598661339865293 1.9729980951603538 2.184997935631205 -4.839786433828994 9.8187709794234 -2.6533825800761233
5.569442264998814 -9.590047789492473 -0.020073526668715147 -0.04515714536420512 -2.202937684183587 5.531287301769003 1.1932221528221465 -4.946235508389988 9.893412541697627 -2.307926783336268
4.886033736418141 -10.283558401285012 0.929343048661232 -1.518065083103581 -2.4350327994430145 3.9509732842126426 2.5858083714557623 -5.0399698879781685 8.211727363775175 -2.9797893286080344
5.568625060102256 -9.573163272301533 1.1626650969918426 -0.13437615515689527 -1.3591105263792647 4.2086734019368395 1.6577094194946966 -3.3575829530076544 8.524461546782208 -3.6758197929069514
3.2806760054234 -10.116876846735492 0.833861814871705 -0.7223676963570066 -2.9803701772072637 1.343166521213481 1.5632801748153469 -3.4163666761162688 11.425136121549524 -2.476494440987614
6.444891151107424 -10.596437465683547 0.5335646733124193 0.11746391394458444 -3.2254001118680256 4.001646425354002 -0.04257941733699511 -4.719909641735647 7.808992424243602 -1.71043948700946
5.557180059000406 -8.707325524420863 -1.3051513873379255 -1.190265250906457 -4.300528498709438 3.271040138767307 3.1171866247135016 -5.580166591269713 10.224937587905355 -3.1217462125511175
4.9282351577854095 -8.243945761067494 -0.2778939283240278 -1.3050151236333476 -3.4316027550470505 4.505240197077171 1.4252980071437142 -5.559116743268586 11.128729368275824 -3.229613383885265
4.785532393662786 -10.536086325496356 0.18351292448056772 -1.9219645541287977 -2.8063480167305093 3.3238428029854212 1.7590489582208368 -4.758899120882756 8.15219248452744 -3.9043122592513453
6.275986947558867 -10.882149999924373 1.4693846872352403 -1.8128826712073594 -3.362014093373133 1.9826773922918053 3.6065012516463186 -5.779371473912681 8.015446663031199 -3.6310938137842905
