49.05 23.96 7345.83 499.89 -3996.1 0.0 0.0 499.62 10053.62 0.0 0.0
51.59 25.05 7438.85 499.9 -4016.1 0.0 0.0 497.62 10151.09 0.0 0.0
56.08 26.22 7515.87 499.91 -4036.1 0.0 0.0 495.62 10232.55 0.0 0.0
60.92 27.48 7579.51 499.91 -4056.1 0.0 0.0 493.62 10300.6 0.0 0.0
65.8 28.83 7631.97 499.92 -4076.1 0.0 0.0 491.62 10357.46 0.0 0.0
111.61 106.68 5723.8 500.03 -2902.2 2.0 0.0 396.04 6978.4 0.0 0.0
109.13 104.29 6033.1 499.58 -2922.2 2.0 0.0 393.83 6978.39 0.0 0.0
105.39 101.84 6303.58 499.98 -2942.2 2.0 0.0 396.85 6978.39 0.0 0.0
102.97 99.35 6519.96 499.53 -2962.2 2.0 0.0 399.87 6978.38 0.0 0.0
101.63 96.82 6683.75 499.93 -2982.2 2.0 0.0 402.88 6978.38 0.0 0.0
101.15 94.28 6798.22 500.33 -3002.2 2.0 0.0 405.88 6978.37 0.0 0.0
101.38 91.74 6867.48 499.88 -3022.2 2.0 0.0 408.88 6978.37 0.0 0.0
102.21 89.2 6895.9 500.28 -3042.2 2.0 0.0 411.88 6978.36 0.0 0.0
103.52 86.69 6887.77 499.83 -3062.2 2.0 0.0 414.87 6978.36 0.0 0.0
105.25 84.23 6847.12 500.23 -3082.2 2.0 0.0 417.86 6978.35 0.0 0.0
107.35 81.82 6777.57 499.78 -3102.2 2.0 0.0 420.84 6978.34 0.0 0.0
109.75 79.49 6682.37 500.18 -3122.2 2.0 0.0 423.82 6978.34 0.0 0.0
112.42 77.25 6564.39 499.73 -3142.2 2.0 0.0 426.79 6978.33 0.0 0.0
115.33 75.13 6426.14 500.13 -3162.2 2.0 0.0 429.76 6978.33 0.0 0.0
120.01 73.17 6287.83 499.68 -3182.2 2.0 0.0 413.28 6978.32 0.0 0.0
159.09 157.76 8091.2 408.69 -4376.9 3.0 0.0 377.2 11193.71 0.0 0.0
152.69 160.94 8204.12 388.69 -4396.9 3.0 0.0 375.2 11310.09 0.0 0.0
146.26 163.79 8288.48 368.69 -4416.9 3.0 0.0 373.2 11397.91 0.0 0.0
139.78 166.39 8350.26 348.69 -4436.9 3.0 0.0 371.2 11463.12 0.0 0.0
113.53 175.18 8460.26 298.87 -4502.6 3.0 0.0 363.2 11586.7 0.0 0.0
106.88 177.11 8470.06 298.87 -4518.6 3.0 0.0 361.2 11599.84 0.0 0.0
101.52 177.63 8476.55 307.79 -4534.6 3.0 0.0 359.2 11609.67 0.0 0.0
100.78 173.51 8482.96 321.79 -4550.6 3.0 0.0 357.2 11619.39 0.0 0.0
101.17 168.3 8489.83 335.79 -4566.6 3.0 0.0 355.2 11629.55 0.0 0.0
101.4 163.31 8497.15 349.79 -4585.4 3.0 0.0 353.2 11640.15 0.0 0.0
101.32 158.66 8504.94 363.79 -4605.4 3.0 0.0 351.2 11651.2 0.0 0.0
100.96 154.32 8513.19 377.79 -4625.4 3.0 0.0 349.2 11662.69 0.0 0.0
87.72 26.05 4284.89 500.25 -2481.4 4.0 0.0 410.24 9758.53 0.0 0.0
87.73 27.83 4921.72 500.25 -2501.4 4.0 0.0 409.28 9928.19 0.0 0.0
87.74 29.68 5530.32 500.25 -2521.4 4.0 0.0 408.4 10070.1 0.0 0.0
87.75 31.59 6115.12 500.25 -2541.4 4.0 0.0 407.58 10188.75 0.0 0.0
87.76 33.55 6679.91 500.25 -2561.4 4.0 0.0 406.81 10287.91 0.0 0.0
85.88 35.6 7196.63 500.25 -2581.4 4.0 0.0 408.69 10370.78 0.0 0.0
83.88 37.75 7580.11 500.25 -2601.4 4.0 0.0 411.68 10440.01 0.0 0.0
82.44 39.97 7842.2 500.25 -2621.4 4.0 0.0 414.66 10497.85 0.0 0.0
81.34 42.22 8002.25 500.25 -2641.4 4.0 0.0 417.64 10546.17 0.0 0.0
80.47 44.47 8077.99 500.25 -2661.4 4.0 0.0 420.62 10586.53 0.0 0.0
81.96 46.74 8108.59 500.25 -2681.4 4.0 0.0 418.87 10620.24 0.0 0.0
86.84 49.08 8133.43 500.25 -2701.4 4.0 0.0 416.87 10648.4 0.0 0.0
92.53 51.54 8153.65 500.25 -2721.4 4.0 0.0 414.87 10671.91 0.0 0.0
98.35 54.1 8170.01 500.25 -2741.4 4.0 0.0 412.87 10691.56 0.0 0.0
176.84 98.29 5090.37 442.98 -3041.4 3.0 1.0 397.27 7659.42 1.0 0.0
87.25 91.62 12890.63 499.63 -4108.5 2.0 0.0 421.27 10615.43 0.0 0.0
84.45 107.74 12818.45 499.76 -4128.5 2.0 0.0 419.27 10615.5 0.0 0.0
75.63 112.13 12746.26 500.16 -4148.5 2.0 0.0 417.27 10615.5 0.0 0.0
54.6 80.62 11883.73 499.86 -4388.5 2.0 0.0 393.27 10615.43 0.0 0.0
65.68 80.52 11812.14 500.26 -4408.5 2.0 0.0 391.27 10615.43 0.0 0.0
73.44 82.47 11730.73 499.81 -4428.5 2.0 0.0 394.3 10615.42 0.0 0.0
80.93 87.65 11631.31 500.21 -4448.5 2.0 0.0 397.32 10615.42 0.0 0.0
88.18 98.48 11515.56 499.76 -4468.5 2.0 0.0 400.33 10615.41 0.0 0.0
95.22 117.48 11384.95 500.16 -4488.5 2.0 0.0 403.35 10615.41 0.0 0.0
100.77 140.92 11251.3 499.71 -4508.5 2.0 0.0 401.63 10615.4 0.0 0.0
109.7 159.35 11120.79 500.11 -4528.5 2.0 0.0 411.63 10615.4 0.0 0.0
120.28 169.79 10986.04 499.66 -4548.5 2.0 0.0 421.63 10615.39 0.0 0.0
125.2 174.55 10862.74 500.06 -4568.5 2.0 0.0 407.55 10615.39 0.0 0.0
130.02 176.18 10767.15 499.61 -4588.5 2.0 0.0 393.6 10615.38 0.0 0.0
134.83 176.1 10693.54 500.01 -4608.5 2.0 0.0 381.4 10615.38 0.0 0.0
120.71 104.37 4735.2 455.85 -3112.1 4.0 0.0 339.69 8312.1 0.0 0.0
122.98 100.82 4957.06 469.85 -3132.1 4.0 0.0 337.83 8312.1 0.0 0.0
125.51 97.54 5173.58 483.85 -3152.1 4.0 0.0 335.93 8312.1 0.0 0.0
128.22 94.49 5384.9 497.85 -3172.1 4.0 0.0 334.01 8312.1 0.0 0.0
131.03 91.61 5591.19 499.95 -3192.1 4.0 0.0 332.07 8312.1 0.0 0.0
133.87 88.78 5792.59 499.5 -3212.1 4.0 0.0 330.12 8312.11 0.0 0.0
136.73 85.98 5989.25 499.9 -3232.1 4.0 0.0 328.15 8312.11 0.0 0.0
139.62 83.21 6181.3 500.3 -3252.1 4.0 0.0 326.17 8312.11 0.0 0.0
142.53 80.47 6368.88 499.85 -3272.1 4.0 0.0 324.19 8312.11 0.0 0.0
145.47 77.75 6552.11 500.25 -3292.1 4.0 0.0 322.2 8312.11 0.0 0.0
148.44 75.03 6731.13 499.8 -3312.1 4.0 0.0 320.21 8312.12 0.0 0.0
151.44 72.33 6906.06 500.2 -3332.1 4.0 0.0 318.23 8312.12 0.0 0.0
154.47 69.63 7077.01 499.75 -3352.1 4.0 0.0 316.24 8312.12 0.0 0.0
157.85 82.76 6279.9 446.86 -3852.1 3.0 1.0 337.62 6822.16 1.0 0.0
157.43 79.59 5763.94 451.32 -3872.1 3.0 1.0 337.62 6597.91 1.0 0.0
27.45 12.95 5850.35 500.0 -3303.9 2.0 0.0 339.41 8851.77 0.0 0.0
30.65 12.6 6002.61 500.0 -3323.9 2.0 0.0 337.41 9155.67 0.0 0.0
37.61 12.15 6104.93 500.0 -3343.9 2.0 0.0 335.41 9410.7 0.0 0.0
45.4 11.6 6164.8 500.0 -3363.9 2.0 0.0 333.41 9624.42 0.0 0.0
53.34 10.95 6188.69 500.0 -3383.9 2.0 0.0 331.41 9803.32 0.0 0.0
74.17 177.24 9277.81 311.74 -4269.5 1.0 0.0 304.25 8368.87 0.0 0.0
72.5 172.34 9434.24 325.74 -4285.5 1.0 0.0 302.65 8368.88 0.0 0.0
71.45 166.86 9587.29 339.74 -4301.5 1.0 0.0 301.04 8368.88 0.0 0.0
70.17 161.62 9737.05 353.74 -4321.5 1.0 0.0 299.42 8368.89 0.0 0.0
68.61 156.68 9883.61 367.74 -4341.5 1.0 0.0 297.79 8368.9 0.0 0.0
66.76 152.03 10027.04 381.74 -4361.5 1.0 0.0 296.15 8368.91 0.0 0.0
64.34 147.62 10165.15 395.74 -4381.5 1.0 0.0 296.23 8368.92 0.0 0.0
62.09 143.44 10269.48 409.74 -4401.5 1.0 0.0 299.51 8368.93 0.0 0.0
60.95 139.49 10333.85 423.74 -4421.5 1.0 0.0 302.78 8368.94 0.0 0.0
60.65 135.77 10362.07 437.74 -4441.5 1.0 0.0 306.06 8368.95 0.0 0.0
61.04 132.28 10358.24 451.74 -4461.5 1.0 0.0 309.33 8368.96 0.0 0.0
61.95 129.04 10326.34 465.74 -4481.5 1.0 0.0 312.59 8368.97 0.0 0.0
63.29 126.03 10269.92 479.74 -4501.5 1.0 0.0 315.85 8368.98 0.0 0.0
64.98 123.26 10192.14 493.74 -4521.5 1.0 0.0 319.1 8368.99 0.0 0.0
66.96 120.7 10095.7 500.09 -4541.5 1.0 0.0 322.35 8369.0 0.0 0.0
70.12 118.23 9984.57 499.64 -4561.5 1.0 0.0 323.63 8369.01 0.0 0.0
79.31 115.93 9870.42 500.04 -4581.5 1.0 0.0 323.63 8369.02 0.0 0.0
101.12 121.41 7432.37 434.64 -3869.2 2.0 0.0 286.83 10669.12 0.0 0.0
92.68 123.84 7428.65 414.64 -3889.2 2.0 0.0 284.83 10669.12 0.0 0.0
86.3 126.06 7418.97 394.64 -3909.2 2.0 0.0 286.52 10669.12 0.0 0.0
81.53 128.12 7386.64 374.64 -3929.2 2.0 0.0 289.81 10669.12 0.0 0.0
77.36 130.02 7333.27 354.64 -3949.2 2.0 0.0 293.09 10669.12 0.0 0.0
73.7 131.79 7261.43 334.64 -3968.1 2.0 0.0 296.36 10669.12 0.0 0.0
70.48 133.44 7173.33 314.64 -3984.1 2.0 0.0 299.64 10669.12 0.0 0.0
67.86 134.95 7071.37 300.16 -4000.1 2.0 0.0 301.59 10669.1 0.0 0.0
75.1 132.68 6965.23 314.16 -4016.1 2.0 0.0 301.59 10669.11 0.0 0.0
89.52 127.66 6857.85 328.16 -4032.1 2.0 0.0 301.59 10669.11 0.0 0.0
92.74 146.8 7360.3 300.31 -4520.8 2.0 0.0 324.15 10671.51 0.0 0.0
87.59 146.06 7356.58 310.49 -4536.8 2.0 0.0 322.15 10671.51 0.0 0.0
86.56 141.16 7352.88 324.49 -4552.8 2.0 0.0 320.15 10671.51 0.0 0.0
86.16 135.61 7349.21 338.49 -4568.8 2.0 0.0 318.15 10671.51 0.0 0.0
85.53 130.26 7345.56 352.49 -4588.4 2.0 0.0 316.15 10671.52 0.0 0.0
86.77 125.21 7334.06 366.49 -4608.4 2.0 0.0 318.36 10671.52 0.0 0.0
88.89 120.48 7299.25 380.49 -4628.4 2.0 0.0 321.6 10671.53 0.0 0.0
98.1 169.64 10650.49 301.81 -4174.3 2.0 0.0 383.12 11214.29 0.0 0.0
87.61 163.87 10581.12 315.81 -4190.3 2.0 0.0 381.12 11214.3 0.0 0.0
41.2 99.08 9889.39 455.81 -4383.4 2.0 0.0 361.12 11214.41 0.0 0.0
52.07 95.15 9819.28 469.81 -4403.4 2.0 0.0 360.9 11214.42 0.0 0.0
60.15 91.63 9734.72 483.81 -4423.4 2.0 0.0 363.97 11214.43 0.0 0.0
67.79 88.5 9633.19 497.81 -4443.4 2.0 0.0 367.04 11214.44 0.0 0.0
75.08 85.71 9516.37 499.91 -4463.4 2.0 0.0 370.1 11214.46 0.0 0.0
81.07 83.14 9387.85 500.31 -4483.4 2.0 0.0 370.98 11214.47 0.0 0.0
81.71 80.67 9257.17 499.86 -4503.4 2.0 0.0 370.98 11214.49 0.0 0.0
80.07 78.17 9125.26 500.26 -4523.4 2.0 0.0 370.98 11214.5 0.0 0.0
78.05 75.58 8992.1 499.81 -4543.4 2.0 0.0 370.98 11214.51 0.0 0.0
75.99 72.89 8857.67 500.21 -4563.4 2.0 0.0 370.98 11214.53 0.0 0.0
73.92 70.08 8721.93 499.76 -4583.4 2.0 0.0 370.98 11214.54 0.0 0.0
73.1 67.13 8585.23 500.16 -4603.4 2.0 0.0 368.96 11214.55 0.0 0.0
75.31 64.17 8455.33 499.71 -4623.4 2.0 0.0 377.58 11214.57 0.0 0.0
47.73 73.47 7889.08 499.61 -4703.4 2.0 0.0 417.58 11214.57 0.0 0.0
44.97 71.61 7735.31 500.01 -4723.4 2.0 0.0 427.58 11214.5 0.0 0.0
43.69 68.1 7576.57 499.56 -4743.4 2.0 0.0 437.58 11214.43 0.0 0.0
142.45 65.72 5961.79 500.28 -2719.9 3.0 0.0 452.63 6449.43 0.0 0.0
143.72 62.55 6331.64 499.83 -2739.9 3.0 0.0 450.63 6451.44 0.0 0.0
144.98 59.37 6693.48 500.23 -2759.9 3.0 0.0 448.63 6453.45 0.0 0.0
146.24 56.18 7047.56 499.78 -2779.9 3.0 0.0 446.63 6455.46 0.0 0.0
147.49 52.97 7394.12 500.18 -2799.9 3.0 0.0 444.63 6457.47 0.0 0.0
148.73 49.74 7733.39 499.73 -2819.9 3.0 0.0 442.63 6459.48 0.0 0.0
110.23 85.11 14204.11 497.1 -3539.9 3.0 0.0 428.32 10858.41 0.0 0.0
113.87 113.07 14130.01 500.08 -3559.9 3.0 0.0 426.32 10858.25 0.0 0.0
111.07 123.1 14056.11 499.63 -3579.9 3.0 0.0 424.32 10858.25 0.0 0.0
71.56 73.2 12806.75 499.63 -3919.9 3.0 0.0 390.32 10858.16 0.0 0.0
79.74 71.85 12726.07 500.03 -3939.9 3.0 0.0 392.85 10858.15 0.0 0.0
87.25 71.47 12627.44 499.58 -3959.9 3.0 0.0 395.87 10858.15 0.0 0.0
94.51 72.58 12512.43 499.98 -3979.9 3.0 0.0 398.89 10858.14 0.0 0.0
101.55 76.1 12382.53 499.53 -3999.9 3.0 0.0 401.9 10858.14 0.0 0.0
107.64 83.52 12245.96 499.93 -4019.9 3.0 0.0 398.81 10858.13 0.0 0.0
117.2 97.24 12110.39 500.33 -4039.9 3.0 0.0 398.81 10858.13 0.0 0.0
124.26 117.41 11979.0 499.88 -4059.9 3.0 0.0 400.93 10858.12 0.0 0.0
133.69 137.4 11847.73 500.28 -4079.9 3.0 0.0 410.93 10858.12 0.0 0.0
143.16 150.79 11712.67 499.83 -4099.9 3.0 0.0 416.42 10858.11 0.0 0.0
147.95 157.77 11596.32 500.23 -4119.9 3.0 0.0 401.53 10858.11 0.0 0.0
152.77 160.9 11506.45 499.78 -4139.9 3.0 0.0 388.03 10858.1 0.0 0.0
23.6 82.44 4010.23 474.63 -4428.1 4.0 0.0 397.16 14999.35 0.0 0.0
20.96 77.63 4411.93 488.63 -4448.1 4.0 0.0 395.73 14999.35 0.0 0.0
18.32 72.98 4820.66 500.08 -4468.1 4.0 0.0 394.59 14999.35 0.0 0.0
15.61 68.37 5235.57 499.63 -4488.1 4.0 0.0 393.68 14999.35 0.0 0.0
12.78 63.76 5655.95 500.03 -4508.1 4.0 0.0 392.97 14999.35 0.0 0.0
9.86 59.14 6081.21 499.58 -4528.1 4.0 0.0 392.44 14999.35 0.0 0.0
6.84 54.5 6510.83 499.98 -4548.1 4.0 0.0 392.06 14999.35 0.0 0.0
3.74 49.85 6944.38 499.53 -4568.1 4.0 0.0 391.8 14999.35 0.0 0.0
0.57 45.17 7381.47 499.93 -4588.1 4.0 0.0 391.65 14999.35 0.0 0.0
2.68 40.48 7821.76 500.33 -4608.1 4.0 0.0 391.58 14999.35 0.0 0.0
15.25 35.74 8260.46 499.88 -4628.1 4.0 0.0 393.85 14999.35 0.0 0.0
35.11 30.91 8662.5 500.28 -4648.1 4.0 0.0 398.36 14999.35 0.0 0.0
173.07 153.6 6559.92 481.86 -2262.9 4.0 0.0 414.83 14999.9 0.0 0.0
175.79 151.67 7016.96 495.86 -2282.9 4.0 0.0 413.26 14999.9 0.0 0.0
179.62 147.87 7475.63 499.66 -2302.9 4.0 0.0 411.87 14999.89 0.0 0.0
174.74 143.78 7935.49 500.06 -2322.9 4.0 0.0 410.62 14999.88 0.0 0.0
169.84 139.68 8396.2 499.61 -2342.9 4.0 0.0 409.48 14999.88 0.0 0.0
164.95 135.59 8857.47 500.01 -2362.9 4.0 0.0 408.46 14999.87 0.0 0.0
160.07 131.52 9319.08 499.56 -2382.9 4.0 0.0 407.53 14999.87 0.0 0.0
155.21 127.47 9780.86 499.96 -2402.9 4.0 0.0 406.68 14999.86 0.0 0.0
150.35 123.43 10242.68 499.51 -2422.9 4.0 0.0 405.9 14999.86 0.0 0.0
145.5 119.39 10704.43 499.91 -2442.9 4.0 0.0 405.18 14999.85 0.0 0.0
140.66 115.37 11166.04 500.31 -2462.9 4.0 0.0 404.52 14999.85 0.0 0.0
136.96 111.35 11624.6 499.86 -2482.9 4.0 0.0 404.62 14999.84 0.0 0.0
136.59 107.37 11998.28 500.26 -2502.9 4.0 0.0 407.53 14999.83 0.0 0.0
134.9 103.44 12258.8 499.81 -2522.9 4.0 0.0 410.46 14999.83 0.0 0.0
132.43 99.53 12421.44 500.21 -2542.9 4.0 0.0 413.38 14999.82 0.0 0.0
129.46 95.63 12501.8 499.76 -2562.9 4.0 0.0 416.32 14999.82 0.0 0.0
125.95 91.74 12515.28 500.16 -2582.9 4.0 0.0 420.39 14999.81 0.0 0.0
122.31 87.85 12461.26 499.71 -2602.9 4.0 0.0 424.91 14999.81 0.0 0.0
118.46 83.95 12333.6 500.11 -2622.9 4.0 0.0 429.42 14999.8 0.0 0.0
114.44 80.04 12145.84 499.66 -2642.9 4.0 0.0 433.92 14999.79 0.0 0.0
110.29 76.12 11908.89 500.06 -2662.9 4.0 0.0 438.42 14999.79 0.0 0.0
106.02 72.18 11631.45 499.61 -2682.9 4.0 0.0 442.9 14999.78 0.0 0.0
101.66 68.21 11320.46 500.01 -2702.9 4.0 0.0 447.38 14999.78 0.0 0.0
97.23 64.23 10981.45 499.56 -2722.9 4.0 0.0 451.85 14999.77 0.0 0.0
92.73 60.22 10618.81 499.96 -2742.9 4.0 0.0 456.31 14999.77 0.0 0.0
88.18 56.19 10236.1 499.51 -2762.9 4.0 0.0 460.77 14999.76 0.0 0.0
83.58 52.12 9836.14 499.91 -2782.9 4.0 0.0 465.21 14999.75 0.0 0.0
78.95 48.03 9421.24 500.31 -2802.9 4.0 0.0 469.65 14999.75 0.0 0.0
74.28 43.9 8993.24 499.86 -2822.9 4.0 0.0 474.07 14999.74 0.0 0.0
69.59 39.74 8553.67 500.26 -2842.9 4.0 0.0 478.49 14999.74 0.0 0.0
64.88 35.55 8103.77 499.81 -2862.9 4.0 0.0 482.9 14999.73 0.0 0.0
60.15 31.31 7644.54 500.21 -2882.9 4.0 0.0 487.3 14999.73 0.0 0.0
55.41 27.04 7176.82 499.76 -2902.9 4.0 0.0 491.69 14999.72 0.0 0.0
50.65 22.72 6701.3 500.16 -2922.9 4.0 0.0 496.07 14999.71 0.0 0.0
95.57 155.22 12729.71 497.9 -4135.8 2.0 0.0 398.51 11494.79 0.0 0.0
95.72 157.02 12646.33 499.94 -4155.8 2.0 0.0 398.46 11494.86 0.0 0.0
91.34 147.92 12576.77 500.34 -4175.8 2.0 0.0 390.38 11494.85 0.0 0.0
82.17 141.89 12509.93 499.89 -4195.8 2.0 0.0 388.38 11494.85 0.0 0.0
50.82 101.43 11705.35 499.59 -4435.8 2.0 0.0 368.44 11494.78 0.0 0.0
58.54 101.77 11614.72 499.99 -4455.8 2.0 0.0 371.5 11494.78 0.0 0.0
65.97 103.25 11507.57 499.54 -4475.8 2.0 0.0 374.56 11494.77 0.0 0.0
73.16 106.17 11385.49 499.94 -4495.8 2.0 0.0 377.61 11494.77 0.0 0.0
82.27 110.87 11253.67 500.34 -4515.8 2.0 0.0 377.88 11494.76 0.0 0.0
93.55 117.82 11120.43 499.89 -4535.8 2.0 0.0 377.88 11494.76 0.0 0.0
101.76 126.48 10989.42 500.29 -4555.8 2.0 0.0 377.93 11494.75 0.0 0.0
110.73 135.48 10861.08 499.84 -4575.8 2.0 0.0 387.93 11494.75 0.0 0.0
121.64 143.66 10728.27 500.24 -4595.8 2.0 0.0 397.93 11494.74 0.0 0.0
132.72 149.96 10590.94 499.79 -4615.8 2.0 0.0 407.93 11494.74 0.0 0.0
140.56 154.04 10453.15 500.19 -4635.8 2.0 0.0 405.89 11494.73 0.0 0.0
6.96 59.41 3584.34 500.13 -4357.2 4.0 0.0 393.31 13131.69 0.0 0.0
4.1 54.74 4008.42 499.68 -4377.2 4.0 0.0 392.68 13133.59 0.0 0.0
1.14 50.06 4437.12 500.08 -4397.2 4.0 0.0 392.21 13135.5 0.0 0.0
1.9 45.37 4869.96 499.63 -4417.2 4.0 0.0 391.88 13137.4 0.0 0.0
5.03 40.65 5306.53 500.03 -4437.2 4.0 0.0 391.66 13139.3 0.0 0.0
8.22 35.91 5746.46 499.58 -4457.2 4.0 0.0 391.54 13141.2 0.0 0.0
11.96 31.14 6189.42 499.98 -4477.2 4.0 0.0 391.74 13143.11 0.0 0.0
33.09 26.31 6614.53 499.53 -4497.2 4.0 0.0 396.29 13145.01 0.0 0.0
51.52 21.37 6988.89 499.93 -4517.2 4.0 0.0 400.84 13146.91 0.0 0.0
47.66 85.01 6106.04 461.33 -3708.5 3.0 0.0 354.43 8822.8 0.0 0.0
59.63 80.35 6102.54 475.33 -3728.5 3.0 0.0 352.43 8822.8 0.0 0.0
70.95 75.95 6098.34 489.33 -3748.5 3.0 0.0 351.7 8822.8 0.0 0.0
80.03 71.76 6076.37 499.93 -3768.5 3.0 0.0 354.79 8822.81 0.0 0.0
88.61 67.67 6031.34 500.33 -3788.5 3.0 0.0 357.88 8822.81 0.0 0.0
96.81 63.61 5965.57 499.88 -3808.5 3.0 0.0 360.96 8822.81 0.0 0.0
108.98 170.02 7393.44 308.12 -4260.1 2.0 0.0 362.58 6896.76 0.0 0.0
96.35 162.24 7533.38 322.12 -4276.1 2.0 0.0 360.58 6896.76 0.0 0.0
82.45 153.63 7671.1 336.12 -4292.1 2.0 0.0 358.58 6896.77 0.0 0.0
68.64 145.49 7806.64 350.12 -4311.0 2.0 0.0 356.58 6896.78 0.0 0.0
55.05 137.93 7940.03 364.12 -4331.0 2.0 0.0 354.58 6896.79 0.0 0.0
41.68 130.91 8071.3 378.12 -4351.0 2.0 0.0 352.58 6896.8 0.0 0.0
34.87 98.95 8816.57 462.12 -4471.0 2.0 0.0 340.58 6896.87 0.0 0.0
47.14 95.32 8934.02 476.12 -4491.0 2.0 0.0 338.58 6896.88 0.0 0.0
59.16 92.24 9042.21 490.12 -4511.0 2.0 0.0 339.92 6896.89 0.0 0.0
70.23 89.74 9115.61 499.87 -4531.0 2.0 0.0 343.05 6896.91 0.0 0.0
80.48 87.69 9154.63 500.27 -4551.0 2.0 0.0 346.18 6896.92 0.0 0.0
90.05 86.09 9162.45 499.82 -4571.0 2.0 0.0 349.28 6896.93 0.0 0.0
110.92 173.72 9045.88 349.57 -4059.7 2.0 0.0 390.2 11410.74 0.0 0.0
104.62 171.88 8979.7 329.57 -4077.6 2.0 0.0 388.2 11410.74 0.0 0.0
98.29 170.12 8913.57 309.57 -4093.6 2.0 0.0 386.2 11410.74 0.0 0.0
91.53 168.02 8847.47 303.56 -4109.6 2.0 0.0 384.2 11410.72 0.0 0.0
80.14 161.48 8781.46 317.56 -4125.6 2.0 0.0 382.2 11410.73 0.0 0.0
36.18 102.14 8189.61 443.56 -4299.2 2.0 0.0 364.2 11410.81 0.0 0.0
48.12 97.86 8124.04 457.56 -4319.2 2.0 0.0 362.46 11410.81 0.0 0.0
56.48 94.0 8047.74 471.56 -4339.2 2.0 0.0 365.52 11410.82 0.0 0.0
64.36 90.52 7953.6 485.56 -4359.2 2.0 0.0 368.59 11410.84 0.0 0.0
71.83 87.42 7843.39 499.56 -4379.2 2.0 0.0 371.64 11410.85 0.0 0.0
78.91 84.63 7718.7 499.96 -4399.2 2.0 0.0 374.04 11410.86 0.0 0.0
82.26 82.01 7587.84 499.51 -4419.2 2.0 0.0 374.04 11410.87 0.0 0.0
81.4 79.4 7455.76 499.91 -4439.2 2.0 0.0 374.04 11410.88 0.0 0.0
79.54 76.71 7322.46 500.31 -4459.2 2.0 0.0 374.04 11410.89 0.0 0.0
77.55 73.92 7187.89 499.86 -4479.2 2.0 0.0 374.04 11410.9 0.0 0.0
75.54 71.01 7052.05 500.26 -4499.2 2.0 0.0 374.04 11410.91 0.0 0.0
73.53 67.96 6914.9 499.81 -4519.2 2.0 0.0 374.04 11410.92 0.0 0.0
76.73 64.83 6796.55 500.21 -4539.2 2.0 0.0 368.7 11410.93 0.0 0.0
78.09 74.97 7261.21 500.11 -4619.2 2.0 0.0 349.22 11410.97 0.0 0.0
80.07 77.12 7522.64 499.66 -4639.2 2.0 0.0 347.78 11410.9 0.0 0.0
27.18 6.3 5065.12 500.33 -3506.0 2.0 0.0 499.54 7841.81 0.0 0.0
32.25 6.99 5351.93 500.33 -3526.0 2.0 0.0 499.94 8156.61 0.0 0.0
37.08 7.52 5588.23 500.33 -3546.0 2.0 0.0 500.34 8420.95 0.0 0.0
41.91 8.12 5781.76 500.33 -3566.0 2.0 0.0 499.89 8642.54 0.0 0.0
46.75 8.78 5939.23 500.33 -3586.0 2.0 0.0 500.29 8828.09 0.0 0.0
51.58 9.51 6066.36 500.33 -3606.0 2.0 0.0 499.84 8983.35 0.0 0.0
56.42 10.31 6168.05 500.33 -3626.0 2.0 0.0 500.24 9113.19 0.0 0.0
61.25 11.17 6248.41 500.33 -3646.0 2.0 0.0 499.79 9221.73 0.0 0.0
66.08 12.08 6310.91 500.33 -3666.0 2.0 0.0 500.19 9312.44 0.0 0.0
70.92 13.06 6358.46 500.33 -3686.0 2.0 0.0 499.74 9388.24 0.0 0.0
75.75 14.09 6393.51 500.33 -3706.0 2.0 0.0 500.14 9451.57 0.0 0.0
80.59 15.18 6418.11 500.33 -3726.0 2.0 0.0 499.69 9504.48 0.0 0.0
105.26 89.48 4818.17 500.33 -3090.3 4.0 0.0 339.06 8292.0 0.0 0.0
108.0 87.08 5037.63 499.88 -3110.3 4.0 0.0 337.17 8291.99 0.0 0.0
110.78 84.73 5251.82 500.28 -3130.3 4.0 0.0 335.25 8291.99 0.0 0.0
113.58 82.43 5460.88 499.83 -3150.3 4.0 0.0 333.31 8291.98 0.0 0.0
116.4 80.18 5664.97 500.23 -3170.3 4.0 0.0 331.36 8291.98 0.0 0.0
119.24 77.97 5864.24 499.78 -3190.3 4.0 0.0 329.39 8291.97 0.0 0.0
122.11 75.8 6058.81 500.18 -3210.3 4.0 0.0 327.41 8291.97 0.0 0.0
125.01 73.66 6248.85 499.73 -3230.3 4.0 0.0 325.42 8291.96 0.0 0.0
127.93 71.55 6434.46 500.13 -3250.3 4.0 0.0 323.43 8291.96 0.0 0.0
130.88 69.47 6615.79 499.68 -3270.3 4.0 0.0 321.43 8291.95 0.0 0.0
133.86 67.42 6792.96 500.08 -3290.3 4.0 0.0 319.44 8291.95 0.0 0.0
136.87 65.38 6966.09 499.63 -3310.3 4.0 0.0 317.44 8291.94 0.0 0.0
139.92 63.37 7135.3 500.03 -3330.3 4.0 0.0 315.45 8291.93 0.0 0.0
143.0 61.37 7300.69 499.58 -3350.3 4.0 0.0 313.47 8291.93 0.0 0.0
146.11 59.39 7462.38 499.98 -3370.3 4.0 0.0 311.49 8291.92 0.0 0.0
144.15 78.86 8420.32 500.23 -3850.3 4.0 0.0 335.62 8291.79 0.0 0.0
139.53 110.74 8323.04 499.78 -3870.3 4.0 0.0 324.84 8291.79 0.0 0.0
129.54 147.33 8091.7 499.68 -3950.3 4.0 0.0 305.97 8291.77 0.0 0.0
119.39 147.11 8039.18 500.08 -3970.3 4.0 0.0 303.97 8291.76 0.0 0.0
106.89 144.11 7986.72 499.63 -3990.3 4.0 0.0 301.97 8291.75 0.0 0.0
93.95 140.42 7934.3 500.03 -4010.3 4.0 0.0 299.97 8291.74 0.0 0.0
80.9 136.54 7881.93 499.58 -4030.3 4.0 0.0 297.97 8291.73 0.0 0.0
67.79 132.57 7829.62 499.98 -4050.3 4.0 0.0 295.97 8291.72 0.0 0.0
54.62 128.59 7777.35 499.53 -4070.3 4.0 0.0 293.97 8291.72 0.0 0.0
41.4 124.65 7725.13 499.93 -4090.3 4.0 0.0 291.97 8291.71 0.0 0.0
28.11 120.79 7672.95 500.33 -4110.3 4.0 0.0 289.97 8291.7 0.0 0.0
25.66 107.0 7464.65 500.23 -4190.3 4.0 0.0 281.97 8291.67 0.0 0.0
39.26 104.21 7412.66 499.78 -4210.3 4.0 0.0 279.97 8291.66 0.0 0.0
49.23 101.74 7354.81 500.18 -4230.3 4.0 0.0 282.2 8291.65 0.0 0.0
57.67 99.52 7279.63 499.73 -4250.3 4.0 0.0 285.48 8291.64 0.0 0.0
65.67 97.59 7188.89 500.13 -4270.3 4.0 0.0 288.77 8291.63 0.0 0.0
70.96 95.93 7087.99 499.68 -4290.3 4.0 0.0 289.04 8291.62 0.0 0.0
69.56 94.38 6985.6 500.08 -4310.3 4.0 0.0 289.04 8291.61 0.0 0.0
65.86 92.77 6881.96 499.63 -4330.3 4.0 0.0 289.04 8291.61 0.0 0.0
61.82 91.07 6777.05 500.03 -4350.3 4.0 0.0 289.04 8291.6 0.0 0.0
57.73 89.27 6670.83 499.58 -4370.3 4.0 0.0 289.04 8291.59 0.0 0.0
53.63 87.36 6563.27 499.98 -4390.3 4.0 0.0 289.04 8291.58 0.0 0.0
55.54 85.45 6460.39 499.53 -4410.3 4.0 0.0 292.82 8291.57 0.0 0.0
97.06 127.69 3151.51 499.75 -4562.5 3.0 0.0 369.13 10770.28 0.0 0.0
101.7 124.04 3489.47 500.15 -4582.5 3.0 0.0 368.28 10770.27 0.0 0.0
106.38 120.42 3845.83 499.7 -4602.5 3.0 0.0 367.97 10770.27 0.0 0.0
111.08 116.83 4216.72 500.1 -4622.5 3.0 0.0 368.06 10770.26 0.0 0.0
156.0 66.79 5911.99 500.27 -2785.0 3.0 0.0 440.92 6448.52 0.0 0.0
109.56 79.91 13073.66 499.9 -3565.0 3.0 0.0 432.22 10789.29 0.0 0.0
112.06 98.11 12998.56 499.9 -3585.0 3.0 0.0 430.22 10788.4 0.0 0.0
115.98 110.31 12924.48 499.83 -3605.0 3.0 0.0 428.22 10788.47 0.0 0.0
117.47 115.78 12850.37 500.23 -3625.0 3.0 0.0 426.22 10788.46 0.0 0.0
118.48 118.39 12776.32 499.78 -3645.0 3.0 0.0 424.22 10788.46 0.0 0.0
117.21 119.54 12702.32 500.18 -3665.0 3.0 0.0 422.22 10788.45 0.0 0.0
109.15 119.36 12628.37 499.73 -3685.0 3.0 0.0 420.22 10788.45 0.0 0.0
98.88 118.02 12554.46 500.13 -3705.0 3.0 0.0 418.22 10788.44 0.0 0.0
88.23 115.83 12480.61 499.68 -3725.0 3.0 0.0 416.22 10788.44 0.0 0.0
53.58 65.85 11524.26 499.78 -3985.0 3.0 0.0 390.22 10788.37 0.0 0.0
64.71 61.95 11450.95 500.18 -4005.0 3.0 0.0 388.22 10788.36 0.0 0.0
75.88 58.23 11377.66 499.73 -4025.0 3.0 0.0 386.22 10788.36 0.0 0.0
87.08 54.78 11304.4 500.13 -4045.0 3.0 0.0 384.22 10788.35 0.0 0.0
96.62 51.68 11228.64 499.68 -4065.0 3.0 0.0 384.74 10788.35 0.0 0.0
132.6 119.8 10206.76 500.33 -4225.0 3.0 0.0 393.68 10788.31 0.0 0.0
139.38 161.99 10072.46 499.88 -4245.0 3.0 0.0 396.87 10788.3 0.0 0.0
135.1 170.72 9746.65 499.78 -4325.0 3.0 0.0 359.87 10788.28 0.0 0.0
126.88 167.39 9685.04 500.18 -4345.0 3.0 0.0 357.87 10788.28 0.0 0.0
115.8 161.96 9623.49 499.73 -4365.0 3.0 0.0 355.87 10788.28 0.0 0.0
104.13 156.36 9561.99 500.13 -4385.0 3.0 0.0 353.87 10788.28 0.0 0.0
92.36 150.98 9500.54 499.68 -4405.0 3.0 0.0 351.87 10788.28 0.0 0.0
80.54 145.8 9439.14 500.08 -4425.0 3.0 0.0 349.87 10788.28 0.0 0.0
68.68 140.81 9377.79 499.63 -4445.0 3.0 0.0 347.87 10788.27 0.0 0.0
56.78 135.97 9316.49 500.03 -4465.0 3.0 0.0 345.87 10788.27 0.0 0.0
44.83 131.3 9255.24 499.58 -4485.0 3.0 0.0 343.87 10788.27 0.0 0.0
27.76 106.93 8888.61 500.28 -4605.0 3.0 0.0 331.87 10788.27 0.0 0.0
40.02 103.69 8827.65 499.83 -4625.0 3.0 0.0 329.87 10788.27 0.0 0.0
49.23 100.72 8760.76 500.23 -4645.0 3.0 0.0 332.03 10788.26 0.0 0.0
57.2 97.98 8676.24 499.78 -4665.0 3.0 0.0 335.21 10788.26 0.0 0.0
64.84 95.48 8575.59 500.18 -4685.0 3.0 0.0 338.36 10788.26 0.0 0.0
72.09 93.23 8460.86 499.73 -4705.0 3.0 0.0 340.37 10788.26 0.0 0.0
74.21 91.19 8341.46 500.13 -4725.0 3.0 0.0 340.37 10788.26 0.0 0.0
72.45 89.16 8220.84 499.68 -4745.0 3.0 0.0 340.37 10788.26 0.0 0.0
69.87 87.08 8098.98 500.08 -4765.0 3.0 0.0 340.37 10788.26 0.0 0.0
122.32 102.7 4733.18 463.22 -3161.1 4.0 0.0 339.66 8311.12 0.0 0.0
124.67 99.39 4955.03 477.22 -3181.1 4.0 0.0 337.8 8311.12 0.0 0.0
127.28 96.33 5171.52 491.22 -3201.1 4.0 0.0 335.9 8311.12 0.0 0.0
130.05 93.5 5382.83 500.12 -3221.1 4.0 0.0 333.98 8311.12 0.0 0.0
132.87 90.76 5589.11 499.67 -3241.1 4.0 0.0 332.05 8311.13 0.0 0.0
135.71 88.05 5790.49 500.07 -3261.1 4.0 0.0 330.09 8311.13 0.0 0.0
138.57 85.37 5987.13 499.62 -3281.1 4.0 0.0 328.13 8311.13 0.0 0.0
141.46 82.72 6179.16 500.02 -3301.1 4.0 0.0 326.15 8311.13 0.0 0.0
144.37 80.1 6366.73 499.57 -3321.1 4.0 0.0 324.17 8311.13 0.0 0.0
147.31 77.49 6549.95 499.97 -3341.1 4.0 0.0 322.18 8311.14 0.0 0.0
150.28 74.89 6728.96 499.52 -3361.1 4.0 0.0 320.2 8311.14 0.0 0.0
153.29 72.3 6903.87 499.92 -3381.1 4.0 0.0 318.21 8311.14 0.0 0.0
149.51 88.39 5787.94 448.48 -3921.1 3.0 1.0 338.05 6726.17 1.0 0.0
62.26 15.03 7616.46 500.08 -3503.2 3.0 0.0 348.9 10705.06 0.0 0.0
50.96 18.56 7610.09 499.58 -3523.2 3.0 0.0 357.93 10703.6 0.0 0.0
47.89 22.27 7603.71 499.83 -3543.2 3.0 0.0 355.93 10702.14 0.0 0.0
48.86 26.13 7597.35 500.08 -3563.2 3.0 0.0 353.93 10700.69 0.0 0.0
50.76 30.12 7591.02 499.58 -3583.2 3.0 0.0 351.93 10699.23 0.0 0.0
52.8 34.28 7584.72 499.83 -3603.2 3.0 0.0 349.93 10697.77 0.0 0.0
54.89 38.67 7578.44 500.08 -3623.2 3.0 0.0 347.93 10696.32 0.0 0.0
57.02 43.34 7572.18 499.58 -3643.2 3.0 0.0 345.93 10694.86 0.0 0.0
59.2 48.39 7565.96 499.83 -3663.2 3.0 0.0 343.93 10693.4 0.0 0.0
61.41 53.95 7559.75 500.08 -3683.2 3.0 0.0 341.93 10691.95 0.0 0.0
63.66 60.16 7553.58 499.58 -3703.2 3.0 0.0 339.93 10690.49 0.0 0.0
65.96 67.25 7547.43 499.83 -3723.2 3.0 0.0 337.93 10689.04 0.0 0.0
68.29 75.47 7541.3 500.08 -3743.2 3.0 0.0 335.93 10687.58 0.0 0.0
68.54 85.07 7526.85 499.58 -3763.2 3.0 0.0 338.05 10686.12 0.0 0.0
70.06 93.86 7489.73 500.16 -3783.2 3.0 0.0 341.19 10685.43 0.0 0.0
75.78 99.62 7431.9 499.71 -3803.2 3.0 0.0 344.31 10685.42 0.0 0.0
83.38 105.08 7354.92 500.11 -3823.2 3.0 0.0 347.42 10685.42 0.0 0.0
91.06 112.3 7260.79 499.66 -3843.2 3.0 0.0 350.52 10685.41 0.0 0.0
98.5 121.38 7151.26 500.06 -3863.2 3.0 0.0 353.61 10685.41 0.0 0.0
104.4 131.24 7033.92 499.61 -3883.2 3.0 0.0 351.68 10685.4 0.0 0.0
108.46 140.27 7005.64 500.01 -3903.2 3.0 0.0 345.9 10685.39 0.0 0.0
112.69 147.46 7079.8 499.56 -3923.2 3.0 0.0 339.97 10685.39 0.0 0.0
117.23 152.58 7227.72 499.96 -3943.2 3.0 0.0 337.29 10685.38 0.0 0.0
122.67 156.11 7333.63 499.51 -3963.2 3.0 0.0 340.43 10685.38 0.0 0.0
105.33 176.53 7348.83 500.26 -4043.2 3.0 0.0 343.69 10685.33 0.0 0.0
94.47 170.34 7344.87 499.81 -4063.2 3.0 0.0 341.69 10685.28 0.0 0.0
82.69 163.88 7340.93 500.21 -4083.2 3.0 0.0 339.69 10685.23 0.0 0.0
70.77 157.81 7337.02 499.76 -4103.2 3.0 0.0 337.69 10685.18 0.0 0.0
58.79 152.13 7333.12 500.16 -4123.2 3.0 0.0 335.69 10685.13 0.0 0.0
46.78 146.8 7329.25 499.71 -4143.2 3.0 0.0 333.69 10685.08 0.0 0.0
34.71 141.79 7325.4 500.11 -4163.2 3.0 0.0 331.69 10685.03 0.0 0.0
25.82 121.18 7306.01 499.56 -4263.2 3.0 0.0 322.74 10684.78 0.0 0.0
35.21 117.95 7285.09 499.96 -4283.2 3.0 0.0 325.97 10684.73 0.0 0.0
44.08 114.98 7241.28 499.51 -4303.2 3.0 0.0 329.18 10684.68 0.0 0.0
52.5 112.26 7177.06 499.91 -4323.2 3.0 0.0 332.38 10684.63 0.0 0.0
60.52 109.8 7094.65 500.31 -4343.2 3.0 0.0 335.55 10684.57 0.0 0.0
68.21 107.61 6996.0 499.86 -4363.2 3.0 0.0 338.71 10684.52 0.0 0.0
75.47 105.7 6882.83 500.26 -4383.2 3.0 0.0 341.13 10684.47 0.0 0.0
86.42 104.15 6763.23 499.81 -4403.2 3.0 0.0 341.13 10684.42 0.0 0.0
98.56 103.08 6642.42 500.21 -4423.2 3.0 0.0 341.13 10684.37 0.0 0.0
120.03 104.4 4718.08 455.15 -3111.9 4.0 0.0 339.85 8318.56 0.0 0.0
122.25 100.82 4940.46 469.15 -3131.9 4.0 0.0 337.98 8318.56 0.0 0.0
124.78 97.5 5157.49 483.15 -3151.9 4.0 0.0 336.09 8318.56 0.0 0.0
127.48 94.43 5369.31 497.15 -3171.9 4.0 0.0 334.18 8318.56 0.0 0.0
130.29 91.53 5576.07 500.1 -3191.9 4.0 0.0 332.24 8318.57 0.0 0.0
133.12 88.68 5777.94 499.65 -3211.9 4.0 0.0 330.29 8318.57 0.0 0.0
135.98 85.87 5975.05 500.05 -3231.9 4.0 0.0 328.32 8318.57 0.0 0.0
138.87 83.09 6167.53 499.6 -3251.9 4.0 0.0 326.35 8318.57 0.0 0.0
141.78 80.33 6355.53 500.0 -3271.9 4.0 0.0 324.37 8318.57 0.0 0.0
144.72 77.59 6539.18 499.55 -3291.9 4.0 0.0 322.38 8318.57 0.0 0.0
147.68 74.86 6718.61 499.95 -3311.9 4.0 0.0 320.39 8318.58 0.0 0.0
150.68 72.15 6893.92 499.5 -3331.9 4.0 0.0 318.4 8318.58 0.0 0.0
153.71 69.43 7065.26 499.9 -3351.9 4.0 0.0 316.42 8318.58 0.0 0.0
157.56 81.85 6265.27 447.15 -3851.9 3.0 1.0 336.9 6803.25 1.0 0.0
158.0 78.62 5751.56 451.62 -3871.9 3.0 1.0 336.9 6581.98 1.0 0.0
127.14 101.97 4861.08 462.95 -3065.0 4.0 0.0 338.78 8301.64 0.0 0.0
129.58 98.83 5079.75 476.95 -3085.0 4.0 0.0 336.88 8301.64 0.0 0.0
132.2 95.94 5293.17 490.95 -3105.0 4.0 0.0 334.96 8301.64 0.0 0.0
134.98 93.26 5501.48 499.85 -3125.0 4.0 0.0 333.02 8301.64 0.0 0.0
137.8 90.67 5704.84 500.25 -3145.0 4.0 0.0 331.06 8301.65 0.0 0.0
140.65 88.1 5903.4 499.8 -3165.0 4.0 0.0 329.09 8301.65 0.0 0.0
143.52 85.57 6097.3 500.2 -3185.0 4.0 0.0 327.11 8301.65 0.0 0.0
146.42 83.06 6286.66 499.75 -3205.0 4.0 0.0 325.12 8301.65 0.0 0.0
149.35 80.56 6471.64 500.15 -3225.0 4.0 0.0 323.12 8301.65 0.0 0.0
152.3 78.08 6652.34 499.7 -3245.0 4.0 0.0 321.13 8301.66 0.0 0.0
155.29 75.61 6828.9 500.1 -3265.0 4.0 0.0 319.13 8301.66 0.0 0.0
158.31 73.14 7001.44 499.65 -3285.0 4.0 0.0 317.14 8301.66 0.0 0.0
135.74 105.24 7496.13 494.96 -3634.7 3.0 0.0 306.02 10711.52 0.0 0.0
129.82 107.07 7491.35 499.61 -3654.7 3.0 0.0 304.02 10711.51 0.0 0.0
126.18 106.5 7486.59 500.01 -3674.7 3.0 0.0 302.02 10711.51 0.0 0.0
122.94 105.43 7481.87 499.56 -3694.7 3.0 0.0 300.02 10711.5 0.0 0.0
119.68 104.26 7477.17 499.96 -3714.7 3.0 0.0 298.02 10711.49 0.0 0.0
116.38 103.03 7472.51 499.51 -3734.7 3.0 0.0 296.02 10711.49 0.0 0.0
113.03 101.75 7467.87 499.91 -3754.7 3.0 0.0 294.02 10711.48 0.0 0.0
112.69 100.46 7451.08 500.31 -3774.7 3.0 0.0 297.3 10711.48 0.0 0.0
113.06 99.21 7411.25 499.86 -3794.7 3.0 0.0 300.57 10711.47 0.0 0.0
113.98 98.03 7351.1 500.26 -3814.7 3.0 0.0 303.85 10711.47 0.0 0.0
115.36 96.93 7273.02 499.81 -3834.7 3.0 0.0 307.12 10711.46 0.0 0.0
117.13 95.93 7179.09 500.21 -3854.7 3.0 0.0 310.38 10711.46 0.0 0.0
119.87 95.05 7072.26 499.76 -3874.7 3.0 0.0 311.84 10711.45 0.0 0.0
135.86 140.51 7382.87 411.26 -4214.7 3.0 0.0 329.09 10713.3 0.0 0.0
128.51 143.36 7378.41 391.26 -4234.7 3.0 0.0 327.09 10713.3 0.0 0.0
121.12 145.99 7373.98 371.26 -4254.7 3.0 0.0 325.09 10713.3 0.0 0.0
113.68 148.43 7369.57 351.26 -4274.7 3.0 0.0 323.09 10713.3 0.0 0.0
106.2 150.69 7365.19 331.26 -4292.9 3.0 0.0 321.09 10713.3 0.0 0.0
98.67 152.77 7360.84 311.26 -4308.9 3.0 0.0 319.09 10713.3 0.0 0.0
91.35 154.43 7356.5 302.73 -4324.9 3.0 0.0 317.09 10713.29 0.0 0.0
88.45 151.56 7352.2 316.73 -4340.9 3.0 0.0 315.09 10713.29 0.0 0.0
87.8 146.42 7347.92 330.73 -4356.9 3.0 0.0 313.09 10713.3 0.0 0.0
87.17 141.25 7343.68 344.73 -4374.3 3.0 0.0 311.09 10713.3 0.0 0.0
86.24 136.37 7339.45 358.73 -4394.3 3.0 0.0 309.09 10713.31 0.0 0.0
85.01 131.76 7335.26 372.73 -4414.3 3.0 0.0 307.09 10713.31 0.0 0.0
85.27 127.43 7325.92 386.73 -4434.3 3.0 0.0 308.51 10713.32 0.0 0.0
86.89 123.4 7294.12 400.73 -4454.3 3.0 0.0 311.78 10713.33 0.0 0.0
88.82 119.66 7240.84 414.73 -4474.3 3.0 0.0 315.04 10713.33 0.0 0.0
91.02 116.21 7168.53 428.73 -4494.3 3.0 0.0 318.29 10713.34 0.0 0.0
93.43 113.05 7079.33 442.73 -4514.3 3.0 0.0 321.53 10713.34 0.0 0.0
96.01 110.17 6975.11 456.73 -4534.3 3.0 0.0 324.77 10713.35 0.0 0.0
110.07 88.09 7077.96 499.94 -3791.3 3.0 0.0 330.03 10693.6 0.0 0.0
115.1 104.75 6962.45 499.82 -3811.3 3.0 0.0 329.85 10693.44 0.0 0.0
118.0 119.97 6887.0 500.22 -3831.3 3.0 0.0 323.58 10693.43 0.0 0.0
121.96 132.89 6922.68 499.77 -3851.3 3.0 0.0 317.73 10693.43 0.0 0.0
126.25 142.67 7043.45 500.17 -3871.3 3.0 0.0 314.22 10693.42 0.0 0.0
128.43 171.52 7422.63 500.07 -3951.3 3.0 0.0 319.57 10693.4 0.0 0.0
125.0 172.94 7418.48 499.62 -3971.3 3.0 0.0 317.57 10693.39 0.0 0.0
122.02 171.94 7414.36 500.02 -3991.3 3.0 0.0 315.57 10693.38 0.0 0.0
119.15 170.42 7410.26 499.57 -4011.3 3.0 0.0 313.57 10693.37 0.0 0.0
116.26 168.75 7406.18 499.97 -4031.3 3.0 0.0 311.57 10693.36 0.0 0.0
113.31 166.99 7402.13 499.52 -4051.3 3.0 0.0 309.57 10693.35 0.0 0.0
110.32 165.14 7398.11 499.92 -4071.3 3.0 0.0 307.57 10693.34 0.0 0.0
107.27 163.23 7394.11 500.32 -4091.3 3.0 0.0 305.57 10693.34 0.0 0.0
104.17 161.26 7390.13 499.87 -4111.3 3.0 0.0 303.57 10693.33 0.0 0.0
101.02 159.23 7386.18 500.27 -4131.3 3.0 0.0 301.57 10693.32 0.0 0.0
97.82 157.14 7382.25 499.82 -4151.3 3.0 0.0 299.57 10693.31 0.0 0.0
94.56 155.0 7378.35 500.22 -4171.3 3.0 0.0 297.57 10693.3 0.0 0.0
91.25 152.79 7374.47 499.77 -4191.3 3.0 0.0 295.57 10693.29 0.0 0.0
87.88 150.53 7370.61 500.17 -4211.3 3.0 0.0 293.57 10693.28 0.0 0.0
84.46 148.21 7366.78 499.72 -4231.3 3.0 0.0 291.57 10693.27 0.0 0.0
80.98 145.82 7362.98 500.12 -4251.3 3.0 0.0 289.57 10693.26 0.0 0.0
77.45 143.37 7359.19 499.67 -4271.3 3.0 0.0 287.57 10693.25 0.0 0.0
73.85 140.85 7355.44 500.07 -4291.3 3.0 0.0 285.57 10693.25 0.0 0.0
73.35 138.29 7339.49 499.62 -4311.3 3.0 0.0 288.85 10693.24 0.0 0.0
73.6 135.74 7300.5 500.02 -4331.3 3.0 0.0 292.13 10693.23 0.0 0.0
74.43 133.21 7241.26 499.57 -4351.3 3.0 0.0 295.41 10693.22 0.0 0.0
75.73 130.71 7164.21 499.97 -4371.3 3.0 0.0 298.68 10693.21 0.0 0.0
77.45 128.24 7071.47 499.52 -4391.3 3.0 0.0 301.96 10693.2 0.0 0.0
80.69 125.83 6966.79 499.92 -4411.3 3.0 0.0 302.88 10693.19 0.0 0.0
90.5 123.55 6859.84 500.32 -4431.3 3.0 0.0 302.88 10693.18 0.0 0.0
99.93 121.48 6755.01 499.87 -4451.3 3.0 0.0 300.03 10693.17 0.0 0.0
103.94 119.51 6735.72 500.27 -4471.3 3.0 0.0 294.26 10693.16 0.0 0.0
108.14 117.58 6815.39 499.82 -4491.3 3.0 0.0 290.7 10693.15 0.0 0.0
72.66 28.72 5571.7 499.88 -4349.5 3.0 0.0 499.22 8372.06 0.0 0.0
75.3 30.68 5711.12 499.88 -4369.5 3.0 0.0 497.22 8516.48 0.0 0.0
79.81 32.74 5826.89 499.88 -4389.5 3.0 0.0 495.22 8637.24 0.0 0.0
84.65 34.91 5922.85 499.88 -4409.5 3.0 0.0 493.22 8738.17 0.0 0.0
89.54 37.19 6002.25 499.88 -4429.5 3.0 0.0 491.22 8822.51 0.0 0.0
94.46 39.58 6067.79 499.88 -4449.5 3.0 0.0 489.22 8892.98 0.0 0.0
99.39 42.07 6121.75 499.88 -4469.5 3.0 0.0 487.22 8951.85 0.0 0.0
104.35 44.67 6166.04 499.88 -4489.5 3.0 0.0 485.22 9001.03 0.0 0.0
62.63 11.01 6955.37 500.22 -2710.8 2.0 1.0 332.61 9315.6 1.0 0.0
87.82 12.42 7356.92 500.22 -2730.8 2.0 1.0 332.61 9625.07 1.0 0.0
115.12 13.89 7383.58 500.22 -2750.8 2.0 1.0 332.61 9884.86 1.0 0.0
49.62 22.41 7636.93 498.16 -3050.8 1.0 1.0 318.47 11119.25 1.0 0.0
68.01 28.13 5505.35 499.57 -4266.9 3.0 0.0 498.2 8310.93 0.0 0.0
72.26 30.0 5645.57 499.57 -4286.9 3.0 0.0 496.2 8456.15 0.0 0.0
77.07 31.99 5762.0 499.57 -4306.9 3.0 0.0 494.2 8577.57 0.0 0.0
81.94 34.09 5858.51 499.57 -4326.9 3.0 0.0 492.2 8679.04 0.0 0.0
86.85 36.31 5938.36 499.57 -4346.9 3.0 0.0 490.2 8763.82 0.0 0.0
91.77 38.63 6004.27 499.57 -4366.9 3.0 0.0 488.2 8834.65 0.0 0.0
96.72 41.06 6058.53 499.57 -4386.9 3.0 0.0 486.2 8893.82 0.0 0.0
101.69 43.6 6103.07 499.57 -4406.9 3.0 0.0 484.2 8943.24 0.0 0.0
106.67 46.24 6139.48 499.57 -4426.9 3.0 0.0 482.2 8984.52 0.0 0.0
76.43 30.48 5714.88 499.8 -4364.3 3.0 0.0 498.52 8518.07 0.0 0.0
80.34 32.57 5836.92 499.81 -4384.3 3.0 0.0 496.52 8645.05 0.0 0.0
85.09 34.76 5938.15 499.82 -4404.3 3.0 0.0 494.52 8751.2 0.0 0.0
89.97 37.07 6021.95 499.83 -4424.3 3.0 0.0 492.52 8839.91 0.0 0.0
94.87 39.48 6091.19 499.84 -4444.3 3.0 0.0 490.52 8914.03 0.0 0.0
99.79 42.01 6148.25 499.84 -4464.3 3.0 0.0 488.52 8975.96 0.0 0.0
104.73 44.64 6195.13 499.85 -4484.3 3.0 0.0 486.52 9027.69 0.0 0.0
58.07 15.42 4782.86 499.61 -2700.8 3.0 0.0 492.29 8693.16 0.0 0.0
63.24 16.54 5311.3 499.61 -2720.8 3.0 0.0 490.29 8947.02 0.0 0.0
68.42 17.75 5794.47 499.61 -2740.8 3.0 0.0 488.29 9159.74 0.0 0.0
73.61 19.03 6238.92 499.61 -2760.8 3.0 0.0 486.29 9337.81 0.0 0.0
78.82 20.41 6650.27 499.61 -2780.8 3.0 0.0 484.29 9486.76 0.0 0.0
84.04 21.86 7033.3 499.61 -2800.8 3.0 0.0 482.29 9611.3 0.0 0.0
89.28 23.39 7392.04 499.61 -2820.8 3.0 0.0 480.29 9715.39 0.0 0.0
94.53 24.99 7729.9 499.61 -2840.8 3.0 0.0 478.29 9802.37 0.0 0.0
99.79 26.68 8049.75 499.61 -2860.8 3.0 0.0 476.29 9875.03 0.0 0.0
110.02 90.46 7061.75 499.75 -3743.6 3.0 0.0 343.29 10672.9 0.0 0.0
113.51 109.85 6942.76 499.93 -3763.6 3.0 0.0 343.5 10672.89 0.0 0.0
116.33 128.02 6879.13 500.33 -3783.6 3.0 0.0 337.06 10672.89 0.0 0.0
120.43 142.31 6926.1 499.88 -3803.6 3.0 0.0 331.06 10672.88 0.0 0.0
124.8 151.83 7056.05 500.28 -3823.6 3.0 0.0 327.07 10672.88 0.0 0.0
129.55 157.49 7240.87 499.83 -3843.6 3.0 0.0 326.49 10672.87 0.0 0.0
137.38 168.22 7400.34 500.18 -3903.6 3.0 0.0 331.66 10672.86 0.0 0.0
133.17 170.22 7396.59 499.73 -3923.6 3.0 0.0 329.66 10672.85 0.0 0.0
130.25 169.44 7392.86 500.13 -3943.6 3.0 0.0 327.66 10672.85 0.0 0.0
127.65 168.01 7389.15 499.68 -3963.6 3.0 0.0 325.66 10672.84 0.0 0.0
125.04 166.41 7385.46 500.08 -3983.6 3.0 0.0 323.66 10672.84 0.0 0.0
122.38 164.71 7381.79 499.63 -4003.6 3.0 0.0 321.66 10672.84 0.0 0.0
119.69 162.93 7378.14 500.03 -4023.6 3.0 0.0 319.66 10672.83 0.0 0.0
116.94 161.09 7374.52 499.58 -4043.6 3.0 0.0 317.66 10672.83 0.0 0.0
114.14 159.19 7370.92 499.98 -4063.6 3.0 0.0 315.66 10672.82 0.0 0.0
111.3 157.23 7367.34 499.53 -4083.6 3.0 0.0 313.66 10672.82 0.0 0.0
108.41 155.22 7363.77 499.93 -4103.6 3.0 0.0 311.66 10672.81 0.0 0.0
105.47 153.16 7360.24 500.33 -4123.6 3.0 0.0 309.66 10672.81 0.0 0.0
102.48 151.06 7356.72 499.88 -4143.6 3.0 0.0 307.66 10672.81 0.0 0.0
99.44 148.9 7353.22 500.28 -4163.6 3.0 0.0 305.66 10672.8 0.0 0.0
96.34 146.69 7349.75 499.83 -4183.6 3.0 0.0 303.66 10672.8 0.0 0.0
93.19 144.43 7346.3 500.23 -4203.6 3.0 0.0 301.66 10672.79 0.0 0.0
89.99 142.12 7342.87 499.78 -4223.6 3.0 0.0 299.66 10672.79 0.0 0.0
86.74 139.75 7339.46 500.18 -4243.6 3.0 0.0 297.66 10672.78 0.0 0.0
83.43 137.32 7336.07 499.73 -4263.6 3.0 0.0 295.66 10672.78 0.0 0.0
80.07 134.82 7332.7 500.13 -4283.6 3.0 0.0 293.66 10672.77 0.0 0.0
79.53 132.3 7318.29 499.68 -4303.6 3.0 0.0 296.67 10672.77 0.0 0.0
79.84 129.78 7280.61 500.08 -4323.6 3.0 0.0 299.95 10672.77 0.0 0.0
80.7 127.27 7222.35 499.63 -4343.6 3.0 0.0 303.22 10672.76 0.0 0.0
82.03 124.8 7145.95 500.03 -4363.6 3.0 0.0 306.49 10672.76 0.0 0.0
83.77 122.36 7053.51 499.58 -4383.6 3.0 0.0 309.76 10672.75 0.0 0.0
86.17 119.96 6947.55 499.98 -4403.6 3.0 0.0 311.54 10672.75 0.0 0.0
94.58 117.67 6837.8 499.53 -4423.6 3.0 0.0 311.54 10672.74 0.0 0.0
105.34 115.59 6727.17 499.93 -4443.6 3.0 0.0 309.98 10672.74 0.0 0.0
69.54 27.37 5435.22 500.13 -4326.7 3.0 0.0 499.86 8235.48 0.0 0.0
71.58 29.24 5590.6 500.13 -4346.7 3.0 0.0 498.26 8395.9 0.0 0.0
75.93 31.2 5719.73 500.13 -4366.7 3.0 0.0 496.26 8530.05 0.0 0.0
80.75 33.27 5826.88 500.13 -4386.7 3.0 0.0 494.26 8642.19 0.0 0.0
85.63 35.45 5915.62 500.13 -4406.7 3.0 0.0 492.26 8735.91 0.0 0.0
90.53 37.74 5988.97 500.13 -4426.7 3.0 0.0 490.26 8814.22 0.0 0.0
95.45 40.14 6049.45 500.13 -4446.7 3.0 0.0 488.26 8879.64 0.0 0.0
100.4 42.64 6099.17 500.13 -4466.7 3.0 0.0 486.26 8934.29 0.0 0.0
105.36 45.25 6139.92 500.13 -4486.7 3.0 0.0 484.26 8979.93 0.0 0.0
99.06 33.51 4508.27 499.98 -4155.6 3.0 0.0 441.47 7869.87 0.0 0.0
99.08 33.64 4799.14 499.53 -4175.6 3.0 0.0 439.47 8164.56 0.0 0.0
99.11 33.92 5093.47 499.93 -4195.6 3.0 0.0 437.47 8462.67 0.0 0.0
99.16 34.37 5391.35 500.33 -4215.6 3.0 0.0 435.47 8764.33 0.0 0.0
145.58 114.19 7569.86 497.25 -3680.9 3.0 0.0 317.04 10711.82 0.0 0.0
141.0 114.69 7565.98 500.2 -3700.9 3.0 0.0 315.04 10711.82 0.0 0.0
137.89 113.61 7562.13 499.75 -3720.9 3.0 0.0 313.04 10711.81 0.0 0.0
134.95 112.25 7558.3 500.15 -3740.9 3.0 0.0 311.04 10711.81 0.0 0.0
131.99 110.82 7554.5 499.7 -3760.9 3.0 0.0 309.04 10711.8 0.0 0.0
128.98 109.34 7550.72 500.1 -3780.9 3.0 0.0 307.04 10711.8 0.0 0.0
125.92 107.81 7546.96 499.65 -3800.9 3.0 0.0 305.04 10711.79 0.0 0.0
122.81 106.23 7543.22 500.05 -3820.9 3.0 0.0 303.04 10711.79 0.0 0.0
119.65 104.61 7539.51 499.6 -3840.9 3.0 0.0 301.04 10711.78 0.0 0.0
116.43 102.94 7535.82 500.0 -3860.9 3.0 0.0 299.04 10711.78 0.0 0.0
113.3 101.21 7532.1 499.55 -3880.9 3.0 0.0 297.3 10711.77 0.0 0.0
113.11 99.47 7514.37 499.95 -3900.9 3.0 0.0 300.58 10711.76 0.0 0.0
113.54 97.76 7473.67 500.35 -3920.9 3.0 0.0 303.85 10711.76 0.0 0.0
114.51 96.09 7412.69 499.9 -3940.9 3.0 0.0 307.12 10711.75 0.0 0.0
115.92 94.48 7333.78 500.3 -3960.9 3.0 0.0 310.38 10711.75 0.0 0.0
117.72 92.95 7239.0 499.85 -3980.9 3.0 0.0 313.64 10711.74 0.0 0.0
108.59 145.36 7348.36 322.51 -4457.4 3.0 0.0 325.65 10714.06 0.0 0.0
94.4 148.72 7339.45 305.05 -4489.4 3.0 0.0 321.65 10714.02 0.0 0.0
92.31 145.21 7335.06 319.05 -4505.4 3.0 0.0 319.65 10714.02 0.0 0.0
91.85 140.06 7330.69 333.05 -4521.4 3.0 0.0 317.65 10714.03 0.0 0.0
91.29 134.99 7326.36 347.05 -4539.5 3.0 0.0 315.65 10714.03 0.0 0.0
90.43 130.21 7322.04 361.05 -4559.5 3.0 0.0 313.65 10714.04 0.0 0.0
89.27 125.7 7317.76 375.05 -4579.5 3.0 0.0 311.65 10714.05 0.0 0.0
90.52 121.48 7302.44 389.05 -4599.5 3.0 0.0 314.65 10714.05 0.0 0.0
92.33 117.56 7263.78 403.05 -4619.5 3.0 0.0 317.9 10714.06 0.0 0.0
120.07 99.04 7498.32 499.66 -3583.7 3.0 0.0 292.1 10706.31 0.0 0.0
116.06 98.34 7494.35 500.06 -3603.7 3.0 0.0 290.62 10706.3 0.0 0.0
115.71 96.9 7475.3 499.61 -3623.7 3.0 0.0 293.9 10706.3 0.0 0.0
116.09 95.41 7433.51 500.01 -3643.7 3.0 0.0 297.18 10706.29 0.0 0.0
117.02 93.97 7371.71 499.56 -3663.7 3.0 0.0 300.46 10706.29 0.0 0.0
118.41 92.61 7292.27 499.96 -3683.7 3.0 0.0 303.73 10706.28 0.0 0.0
120.2 91.34 7197.25 499.51 -3703.7 3.0 0.0 307.0 10706.28 0.0 0.0
158.99 126.68 7379.63 499.72 -4023.7 3.0 0.0 331.41 10707.88 0.0 0.0
155.75 126.49 7376.09 500.12 -4043.7 3.0 0.0 329.41 10707.88 0.0 0.0
153.14 125.53 7372.56 499.67 -4063.7 3.0 0.0 327.41 10707.87 0.0 0.0
150.57 124.41 7369.06 500.07 -4083.7 3.0 0.0 325.41 10707.87 0.0 0.0
125.74 101.16 4858.36 471.57 -3158.3 4.0 0.0 339.07 8331.32 0.0 0.0
128.25 98.03 5077.84 485.57 -3178.3 4.0 0.0 337.18 8331.32 0.0 0.0
130.96 95.14 5292.04 499.57 -3198.3 4.0 0.0 335.26 8331.33 0.0 0.0
133.76 92.4 5501.11 499.97 -3218.3 4.0 0.0 333.32 8331.33 0.0 0.0
136.58 89.7 5705.21 499.52 -3238.3 4.0 0.0 331.36 8331.33 0.0 0.0
139.42 87.03 5904.49 499.92 -3258.3 4.0 0.0 329.39 8331.33 0.0 0.0
142.29 84.39 6099.08 500.32 -3278.3 4.0 0.0 327.41 8331.34 0.0 0.0
145.19 81.77 6289.12 499.87 -3298.3 4.0 0.0 325.42 8331.34 0.0 0.0
148.11 79.17 6474.75 500.27 -3318.3 4.0 0.0 323.43 8331.34 0.0 0.0
151.06 76.58 6656.09 499.82 -3338.3 4.0 0.0 321.43 8331.34 0.0 0.0
154.04 74.01 6833.27 500.22 -3358.3 4.0 0.0 319.44 8331.34 0.0 0.0
151.95 86.07 6599.94 448.5 -3878.3 3.0 1.0 339.44 7164.34 1.0 0.0
41.18 21.29 5450.9 497.56 -2965.3 0.0 0.0 476.01 7045.55 1.0 0.0
40.16 27.02 5649.81 490.78 -2985.3 0.0 0.0 474.01 7011.51 1.0 0.0
63.2 5.87 7600.3 499.99 -3543.8 3.0 0.0 356.4 10710.55 0.0 0.0
60.48 8.88 7593.03 500.24 -3563.8 3.0 0.0 354.4 10709.04 0.0 0.0
61.58 11.97 7585.79 499.74 -3583.8 3.0 0.0 352.4 10707.53 0.0 0.0
63.52 15.11 7578.57 499.99 -3603.8 3.0 0.0 350.4 10706.02 0.0 0.0
65.6 18.35 7571.39 500.24 -3623.8 3.0 0.0 348.4 10704.52 0.0 0.0
67.72 21.69 7564.24 499.74 -3643.8 3.0 0.0 346.4 10703.01 0.0 0.0
69.88 25.2 7557.12 499.99 -3663.8 3.0 0.0 344.4 10701.5 0.0 0.0
72.09 28.93 7550.02 500.24 -3683.8 3.0 0.0 342.4 10700.0 0.0 0.0
74.33 32.96 7542.96 499.74 -3703.8 3.0 0.0 340.4 10698.49 0.0 0.0
76.62 37.44 7535.93 499.99 -3723.8 3.0 0.0 338.4 10696.98 0.0 0.0
78.95 42.57 7528.93 500.24 -3743.8 3.0 0.0 336.4 10695.48 0.0 0.0
81.33 48.69 7521.96 499.74 -3763.8 3.0 0.0 334.4 10693.97 0.0 0.0
83.74 56.37 7515.01 499.99 -3783.8 3.0 0.0 332.4 10692.46 0.0 0.0
84.96 66.57 7505.07 500.24 -3803.8 3.0 0.0 332.99 10690.96 0.0 0.0
84.41 80.56 7473.97 499.74 -3823.8 3.0 0.0 336.16 10689.45 0.0 0.0
85.41 97.99 7421.48 500.17 -3843.8 3.0 0.0 339.31 10688.62 0.0 0.0
90.7 116.84 7350.13 499.77 -3863.8 3.0 0.0 342.44 10688.65 0.0 0.0
98.02 136.47 7261.12 500.17 -3883.8 3.0 0.0 345.56 10688.64 0.0 0.0
104.3 152.58 7164.6 499.72 -3903.8 3.0 0.0 348.53 10688.64 0.0 0.0
114.3 163.07 7068.2 500.12 -3923.8 3.0 0.0 358.53 10688.63 0.0 0.0
124.07 168.82 6969.0 499.67 -3943.8 3.0 0.0 363.52 10688.63 0.0 0.0
128.87 171.34 6885.98 500.07 -3963.8 3.0 0.0 351.99 10688.62 0.0 0.0
133.38 171.97 6822.82 499.62 -3983.8 3.0 0.0 343.96 10688.62 0.0 0.0
133.68 171.59 6764.02 500.02 -4003.8 3.0 0.0 341.96 10688.61 0.0 0.0
131.68 170.73 6705.29 499.57 -4023.8 3.0 0.0 339.96 10688.6 0.0 0.0
129.29 169.59 6646.6 499.97 -4043.8 3.0 0.0 337.96 10688.6 0.0 0.0
126.82 168.24 6587.97 499.52 -4063.8 3.0 0.0 335.96 10688.59 0.0 0.0
124.3 166.75 6529.39 499.92 -4083.8 3.0 0.0 333.96 10688.59 0.0 0.0
121.73 165.15 6470.86 500.32 -4103.8 3.0 0.0 331.96 10688.58 0.0 0.0
119.12 163.45 6412.37 499.87 -4123.8 3.0 0.0 329.96 10688.58 0.0 0.0
116.46 161.68 6353.94 500.27 -4143.8 3.0 0.0 327.96 10688.57 0.0 0.0
113.75 159.84 6295.54 499.82 -4163.8 3.0 0.0 325.96 10688.57 0.0 0.0
111.0 157.94 6237.2 500.22 -4183.8 3.0 0.0 323.96 10688.56 0.0 0.0
108.2 155.98 6178.89 499.77 -4203.8 3.0 0.0 321.96 10688.56 0.0 0.0
105.34 153.97 6120.63 500.17 -4223.8 3.0 0.0 319.96 10688.55 0.0 0.0
102.44 151.91 6062.4 499.72 -4243.8 3.0 0.0 317.96 10688.55 0.0 0.0
99.49 149.79 6004.22 500.12 -4263.8 3.0 0.0 315.96 10688.54 0.0 0.0
96.48 147.62 5946.06 499.67 -4283.8 3.0 0.0 313.96 10688.54 0.0 0.0
93.42 145.4 5887.95 500.07 -4303.8 3.0 0.0 311.96 10688.53 0.0 0.0
90.31 143.12 5829.86 499.62 -4323.8 3.0 0.0 309.96 10688.53 0.0 0.0
87.15 140.79 5771.81 500.02 -4343.8 3.0 0.0 307.96 10688.52 0.0 0.0
83.93 138.4 5713.79 499.57 -4363.8 3.0 0.0 305.96 10688.52 0.0 0.0
80.66 135.94 5655.79 499.97 -4383.8 3.0 0.0 303.96 10688.51 0.0 0.0
80.18 133.44 5593.65 499.52 -4403.8 3.0 0.0 305.39 10688.51 0.0 0.0
81.59 130.96 5514.61 499.92 -4423.8 3.0 0.0 308.66 10688.5 0.0 0.0
83.4 128.52 5419.63 500.32 -4443.8 3.0 0.0 311.92 10688.49 0.0 0.0
86.36 126.13 5312.0 499.87 -4463.8 3.0 0.0 313.21 10688.49 0.0 0.0
95.62 123.85 5201.67 500.27 -4483.8 3.0 0.0 313.21 10688.48 0.0 0.0
100.5 121.71 5126.32 499.82 -4503.8 3.0 0.0 307.38 10688.48 0.0 0.0
104.68 119.63 5160.97 500.22 -4523.8 3.0 0.0 301.94 10688.47 0.0 0.0
109.0 117.59 5280.06 499.77 -4543.8 3.0 0.0 299.25 10688.47 0.0 0.0
126.7 100.36 7478.68 499.34 -3616.2 3.0 0.0 295.11 10703.46 0.0 0.0
121.09 101.23 7473.66 499.74 -3636.2 3.0 0.0 293.11 10703.45 0.0 0.0
117.3 100.15 7468.67 500.14 -3656.2 3.0 0.0 291.11 10703.44 0.0 0.0
115.04 98.71 7461.28 499.69 -3676.2 3.0 0.0 291.49 10703.44 0.0 0.0
115.03 97.26 7433.5 500.09 -3696.2 3.0 0.0 294.77 10703.43 0.0 0.0
115.62 95.85 7384.04 499.64 -3716.2 3.0 0.0 298.05 10703.43 0.0 0.0
116.72 94.5 7315.49 500.04 -3736.2 3.0 0.0 301.32 10703.42 0.0 0.0
118.27 93.24 7230.12 499.59 -3756.2 3.0 0.0 304.59 10703.42 0.0 0.0
120.18 92.08 7129.87 499.99 -3776.2 3.0 0.0 307.86 10703.41 0.0 0.0
160.58 126.76 7382.47 500.32 -4076.2 3.0 0.0 331.42 10704.8 0.0 0.0
156.94 127.02 7378.31 499.87 -4096.2 3.0 0.0 329.42 10704.8 0.0 0.0
154.27 126.16 7374.16 500.27 -4116.2 3.0 0.0 327.42 10704.79 0.0 0.0
120.21 98.32 4749.95 480.75 -3250.1 4.0 0.0 340.09 8338.34 0.0 0.0
122.73 95.37 4972.28 494.75 -3270.1 4.0 0.0 338.21 8338.34 0.0 0.0
125.48 92.62 5189.26 500.25 -3290.1 4.0 0.0 336.3 8338.34 0.0 0.0
128.27 89.93 5401.02 499.8 -3310.1 4.0 0.0 334.37 8338.34 0.0 0.0
131.08 87.28 5607.73 500.2 -3330.1 4.0 0.0 332.42 8338.34 0.0 0.0
133.91 84.67 5809.54 499.75 -3350.1 4.0 0.0 330.45 8338.35 0.0 0.0
136.76 82.09 6006.59 500.15 -3370.1 4.0 0.0 328.47 8338.35 0.0 0.0
139.64 79.53 6199.02 499.7 -3390.1 4.0 0.0 326.49 8338.35 0.0 0.0
142.55 77.0 6386.96 500.1 -3410.1 4.0 0.0 324.5 8338.35 0.0 0.0
145.48 74.48 6570.55 499.65 -3430.1 4.0 0.0 322.5 8338.35 0.0 0.0
148.45 71.97 6749.91 500.05 -3450.1 4.0 0.0 320.5 8338.36 0.0 0.0
151.44 69.47 6925.17 499.6 -3470.1 4.0 0.0 318.51 8338.36 0.0 0.0
62.84 5.72 7599.99 499.95 -3499.5 3.0 0.0 364.32 10691.95 0.0 0.0
63.02 8.7 7593.5 500.2 -3519.5 3.0 0.0 362.32 10690.62 0.0 0.0
64.67 11.74 7587.04 499.7 -3539.5 3.0 0.0 360.32 10689.3 0.0 0.0
66.54 14.84 7580.61 499.95 -3559.5 3.0 0.0 358.32 10687.98 0.0 0.0
68.47 18.02 7574.21 500.2 -3579.5 3.0 0.0 356.32 10686.65 0.0 0.0
70.43 21.32 7567.83 499.7 -3599.5 3.0 0.0 354.32 10685.33 0.0 0.0
72.44 24.77 7561.48 499.95 -3619.5 3.0 0.0 352.32 10684.01 0.0 0.0
74.48 28.44 7555.15 500.2 -3639.5 3.0 0.0 350.32 10682.68 0.0 0.0
76.57 32.4 7548.85 499.7 -3659.5 3.0 0.0 348.32 10681.36 0.0 0.0
78.69 36.8 7542.58 499.95 -3679.5 3.0 0.0 346.32 10680.04 0.0 0.0
80.86 41.82 7536.34 500.2 -3699.5 3.0 0.0 344.32 10678.71 0.0 0.0
83.06 47.78 7530.12 499.7 -3719.5 3.0 0.0 342.32 10677.39 0.0 0.0
85.31 55.24 7523.92 499.95 -3739.5 3.0 0.0 340.32 10676.07 0.0 0.0
86.32 65.1 7514.4 500.2 -3759.5 3.0 0.0 340.89 10674.74 0.0 0.0
85.69 78.61 7483.35 499.7 -3779.5 3.0 0.0 344.01 10673.42 0.0 0.0
86.02 96.14 7430.55 499.95 -3799.5 3.0 0.0 347.12 10672.49 0.0 0.0
90.82 115.21 7358.91 500.28 -3819.5 3.0 0.0 350.22 10672.56 0.0 0.0
97.95 135.42 7269.4 499.83 -3839.5 3.0 0.0 353.31 10672.55 0.0 0.0
104.17 152.25 7171.33 500.23 -3859.5 3.0 0.0 356.13 10672.55 0.0 0.0
113.9 163.24 7073.67 499.78 -3879.5 3.0 0.0 366.13 10672.54 0.0 0.0
123.53 169.25 6973.24 500.18 -3899.5 3.0 0.0 371.03 10672.54 0.0 0.0
128.34 171.9 6888.94 499.73 -3919.5 3.0 0.0 359.13 10672.53 0.0 0.0
132.85 172.57 6824.53 500.13 -3939.5 3.0 0.0 350.86 10672.53 0.0 0.0
133.24 172.21 6764.5 499.68 -3959.5 3.0 0.0 348.86 10672.52 0.0 0.0
131.38 171.36 6704.52 500.08 -3979.5 3.0 0.0 346.86 10672.52 0.0 0.0
129.13 170.22 6644.59 499.63 -3999.5 3.0 0.0 344.86 10672.51 0.0 0.0
126.81 168.87 6584.72 500.03 -4019.5 3.0 0.0 342.86 10672.51 0.0 0.0
124.44 167.37 6524.9 499.58 -4039.5 3.0 0.0 340.86 10672.5 0.0 0.0
122.02 165.76 6465.12 499.98 -4059.5 3.0 0.0 338.86 10672.5 0.0 0.0
119.56 164.06 6405.4 499.53 -4079.5 3.0 0.0 336.86 10672.49 0.0 0.0
117.06 162.28 6345.72 499.93 -4099.5 3.0 0.0 334.86 10672.49 0.0 0.0
114.51 160.43 6286.09 500.33 -4119.5 3.0 0.0 332.86 10672.48 0.0 0.0
111.92 158.53 6226.5 499.88 -4139.5 3.0 0.0 330.86 10672.47 0.0 0.0
109.27 156.57 6166.95 500.28 -4159.5 3.0 0.0 328.86 10672.47 0.0 0.0
106.58 154.56 6107.45 499.83 -4179.5 3.0 0.0 326.86 10672.46 0.0 0.0
103.85 152.49 6047.98 500.23 -4199.5 3.0 0.0 324.86 10672.46 0.0 0.0
101.06 150.38 5988.55 499.78 -4219.5 3.0 0.0 322.86 10672.45 0.0 0.0
98.22 148.22 5929.16 500.18 -4239.5 3.0 0.0 320.86 10672.45 0.0 0.0
95.34 146.02 5869.8 499.73 -4259.5 3.0 0.0 318.86 10672.44 0.0 0.0
92.4 143.75 5810.48 500.13 -4279.5 3.0 0.0 316.86 10672.44 0.0 0.0
89.42 141.44 5751.18 499.68 -4299.5 3.0 0.0 314.86 10672.43 0.0 0.0
86.38 139.07 5691.92 500.08 -4319.5 3.0 0.0 312.86 10672.43 0.0 0.0
83.28 136.64 5632.68 499.63 -4339.5 3.0 0.0 310.86 10672.42 0.0 0.0
80.35 134.16 5573.43 500.03 -4359.5 3.0 0.0 309.12 10672.42 0.0 0.0
81.56 131.65 5503.72 499.58 -4379.5 3.0 0.0 312.38 10672.41 0.0 0.0
83.19 129.19 5416.81 499.98 -4399.5 3.0 0.0 315.64 10672.41 0.0 0.0
85.18 126.76 5314.67 499.53 -4419.5 3.0 0.0 318.89 10672.4 0.0 0.0
90.03 124.4 5203.21 499.93 -4439.5 3.0 0.0 319.04 10672.4 0.0 0.0
98.88 122.18 5091.3 500.33 -4459.5 3.0 0.0 316.87 10672.39 0.0 0.0
102.94 120.06 5052.84 499.88 -4479.5 3.0 0.0 311.0 10672.39 0.0 0.0
107.19 118.0 5118.91 500.28 -4499.5 3.0 0.0 306.16 10672.38 0.0 0.0
111.55 115.97 5261.16 499.83 -4519.5 3.0 0.0 303.97 10672.37 0.0 0.0
149.19 116.38 7573.29 496.34 -3711.7 3.0 0.0 319.15 10705.07 0.0 0.0
144.52 117.12 7568.97 500.14 -3731.7 3.0 0.0 317.15 10705.07 0.0 0.0
141.44 116.17 7564.67 499.69 -3751.7 3.0 0.0 315.15 10705.06 0.0 0.0
138.56 114.91 7560.4 500.09 -3771.7 3.0 0.0 313.15 10705.06 0.0 0.0
135.65 113.57 7556.16 499.64 -3791.7 3.0 0.0 311.15 10705.05 0.0 0.0
132.69 112.19 7551.94 500.04 -3811.7 3.0 0.0 309.15 10705.05 0.0 0.0
129.69 110.75 7547.74 499.59 -3831.7 3.0 0.0 307.15 10705.04 0.0 0.0
126.63 109.27 7543.57 499.99 -3851.7 3.0 0.0 305.15 10705.03 0.0 0.0
123.52 107.73 7539.43 499.54 -3871.7 3.0 0.0 303.15 10705.03 0.0 0.0
120.36 106.15 7535.31 499.94 -3891.7 3.0 0.0 301.15 10705.02 0.0 0.0
117.14 104.51 7531.22 500.34 -3911.7 3.0 0.0 299.15 10705.02 0.0 0.0
113.87 102.83 7527.15 499.89 -3931.7 3.0 0.0 297.15 10705.01 0.0 0.0
112.25 101.1 7518.72 500.29 -3951.7 3.0 0.0 298.32 10705.01 0.0 0.0
112.4 99.38 7488.24 499.84 -3971.7 3.0 0.0 301.59 10705.0 0.0 0.0
113.12 97.71 7436.3 500.24 -3991.7 3.0 0.0 304.86 10705.0 0.0 0.0
114.33 96.08 7365.41 499.79 -4011.7 3.0 0.0 308.13 10704.99 0.0 0.0
96.14 148.68 7333.8 299.49 -4540.8 3.0 0.0 321.67 10706.96 0.0 0.0
91.57 147.64 7329.24 312.72 -4556.8 3.0 0.0 319.67 10706.95 0.0 0.0
90.67 142.88 7324.73 326.72 -4572.8 3.0 0.0 317.67 10706.95 0.0 0.0
90.19 137.7 7320.24 340.72 -4589.1 3.0 0.0 315.67 10706.96 0.0 0.0
89.45 132.76 7315.78 354.72 -4609.1 3.0 0.0 313.67 10706.96 0.0 0.0
88.4 128.1 7311.35 368.72 -4629.1 3.0 0.0 311.67 10706.97 0.0 0.0
88.9 123.72 7301.36 382.72 -4649.1 3.0 0.0 313.09 10706.98 0.0 0.0
90.65 119.65 7268.75 396.72 -4669.1 3.0 0.0 316.34 10706.98 0.0 0.0
92.71 115.88 7214.68 410.72 -4689.1 3.0 0.0 319.59 10706.99 0.0 0.0
71.73 28.5 5582.4 499.74 -4305.6 3.0 0.0 499.24 8379.82 0.0 0.0
74.63 30.45 5723.79 499.76 -4325.6 3.0 0.0 497.24 8526.17 0.0 0.0
79.2 32.49 5841.23 499.77 -4345.6 3.0 0.0 495.24 8648.53 0.0 0.0
84.05 34.64 5938.59 499.78 -4365.6 3.0 0.0 493.24 8750.81 0.0 0.0
88.94 36.9 6019.17 499.78 -4385.6 3.0 0.0 491.24 8836.28 0.0 0.0
93.85 39.27 6085.7 499.79 -4405.6 3.0 0.0 489.24 8907.69 0.0 0.0
98.79 41.75 6140.51 499.8 -4425.6 3.0 0.0 487.24 8967.35 0.0 0.0
103.74 44.34 6185.51 499.8 -4445.6 3.0 0.0 485.24 9017.19 0.0 0.0
123.19 102.7 4772.04 461.72 -3189.5 4.0 0.0 339.29 8305.2 0.0 0.0
125.56 99.38 4992.81 475.72 -3209.5 4.0 0.0 337.42 8305.2 0.0 0.0
128.17 96.33 5208.25 489.72 -3229.5 4.0 0.0 335.52 8305.21 0.0 0.0
130.93 93.5 5418.54 500.32 -3249.5 4.0 0.0 333.6 8305.21 0.0 0.0
133.75 90.76 5623.83 499.87 -3269.5 4.0 0.0 331.66 8305.21 0.0 0.0
136.6 88.07 5824.25 500.27 -3289.5 4.0 0.0 329.7 8305.21 0.0 0.0
139.46 85.4 6019.96 499.82 -3309.5 4.0 0.0 327.73 8305.21 0.0 0.0
142.35 82.77 6211.09 500.22 -3329.5 4.0 0.0 325.76 8305.22 0.0 0.0
145.27 80.15 6397.77 499.77 -3349.5 4.0 0.0 323.77 8305.22 0.0 0.0
148.22 77.55 6580.14 500.17 -3369.5 4.0 0.0 321.79 8305.22 0.0 0.0
151.2 74.96 6758.32 499.72 -3389.5 4.0 0.0 319.8 8305.22 0.0 0.0
154.21 72.38 6932.43 500.12 -3409.5 4.0 0.0 317.81 8305.23 0.0 0.0
109.13 90.32 4825.95 500.21 -3042.5 4.0 0.0 338.62 8290.76 0.0 0.0
111.87 88.04 5045.02 499.76 -3062.5 4.0 0.0 336.75 8290.76 0.0 0.0
114.66 85.81 5258.83 500.16 -3082.5 4.0 0.0 334.84 8290.75 0.0 0.0
117.47 83.62 5467.52 499.71 -3102.5 4.0 0.0 332.92 8290.75 0.0 0.0
120.3 81.48 5671.26 500.11 -3122.5 4.0 0.0 330.98 8290.74 0.0 0.0
123.15 79.37 5870.19 499.66 -3142.5 4.0 0.0 329.02 8290.74 0.0 0.0
126.03 77.3 6064.44 500.06 -3162.5 4.0 0.0 327.06 8290.73 0.0 0.0
128.93 75.26 6254.16 499.61 -3182.5 4.0 0.0 325.08 8290.73 0.0 0.0
131.86 73.25 6439.48 500.01 -3202.5 4.0 0.0 323.1 8290.72 0.0 0.0
134.82 71.26 6620.52 499.56 -3222.5 4.0 0.0 321.12 8290.71 0.0 0.0
137.8 69.3 6797.41 499.96 -3242.5 4.0 0.0 319.13 8290.71 0.0 0.0
140.82 67.35 6970.27 499.51 -3262.5 4.0 0.0 317.15 8290.7 0.0 0.0
143.87 65.43 7139.22 499.91 -3282.5 4.0 0.0 315.17 8290.7 0.0 0.0
146.96 63.52 7304.36 500.31 -3302.5 4.0 0.0 313.19 8290.69 0.0 0.0
147.12 82.16 8399.05 500.11 -3802.5 4.0 0.0 338.54 8290.56 0.0 0.0
142.41 105.77 8302.14 499.66 -3822.5 4.0 0.0 327.66 8290.56 0.0 0.0
152.86 143.63 8068.68 499.56 -3902.5 4.0 0.0 308.97 8290.54 0.0 0.0
157.47 144.77 8015.29 499.96 -3922.5 4.0 0.0 306.97 8290.54 0.0 0.0
160.88 144.23 7961.95 499.51 -3942.5 4.0 0.0 304.97 8290.54 0.0 0.0
164.18 143.29 7908.67 499.91 -3962.5 4.0 0.0 302.97 8290.54 0.0 0.0
167.52 142.16 7855.43 500.31 -3982.5 4.0 0.0 300.97 8290.54 0.0 0.0
170.91 140.93 7802.24 499.86 -4002.5 4.0 0.0 298.97 8290.54 0.0 0.0
174.36 139.61 7749.09 500.26 -4022.5 4.0 0.0 296.97 8290.53 0.0 0.0
177.87 138.22 7695.99 499.81 -4042.5 4.0 0.0 294.97 8290.53 0.0 0.0
178.57 136.78 7642.93 500.21 -4062.5 4.0 0.0 292.97 8290.53 0.0 0.0
174.94 135.3 7589.92 499.76 -4082.5 4.0 0.0 290.97 8290.53 0.0 0.0
171.25 133.77 7536.94 500.16 -4102.5 4.0 0.0 288.97 8290.53 0.0 0.0
167.51 132.22 7484.0 499.71 -4122.5 4.0 0.0 286.97 8290.53 0.0 0.0
163.69 130.62 7431.09 500.11 -4142.5 4.0 0.0 284.97 8290.53 0.0 0.0
159.82 129.0 7378.22 499.66 -4162.5 4.0 0.0 282.97 8290.53 0.0 0.0
155.88 127.35 7325.38 500.06 -4182.5 4.0 0.0 280.97 8290.53 0.0 0.0
151.87 125.66 7272.57 499.61 -4202.5 4.0 0.0 278.97 8290.53 0.0 0.0
147.8 123.93 7219.79 500.01 -4222.5 4.0 0.0 276.97 8290.53 0.0 0.0
143.66 122.18 7167.03 499.56 -4242.5 4.0 0.0 274.97 8290.53 0.0 0.0
139.45 120.38 7114.3 499.96 -4262.5 4.0 0.0 272.97 8290.53 0.0 0.0
135.17 118.54 7061.58 499.51 -4282.5 4.0 0.0 270.97 8290.53 0.0 0.0
130.83 116.65 7008.89 499.91 -4302.5 4.0 0.0 268.97 8290.53 0.0 0.0
126.4 114.72 6956.21 500.31 -4322.5 4.0 0.0 266.97 8290.53 0.0 0.0
121.91 112.73 6903.54 499.86 -4342.5 4.0 0.0 264.97 8290.53 0.0 0.0
117.34 110.68 6850.89 500.26 -4362.5 4.0 0.0 262.97 8290.53 0.0 0.0
112.69 108.57 6798.24 499.81 -4382.5 4.0 0.0 260.97 8290.53 0.0 0.0
107.97 106.38 6745.6 500.21 -4402.5 4.0 0.0 258.97 8290.52 0.0 0.0
108.61 104.17 6683.65 499.76 -4422.5 4.0 0.0 262.26 8290.52 0.0 0.0
109.8 101.98 6605.21 500.16 -4442.5 4.0 0.0 265.55 8290.52 0.0 0.0
112.32 99.83 6513.75 499.71 -4462.5 4.0 0.0 267.07 8290.52 0.0 0.0
122.19 97.78 6419.39 500.11 -4482.5 4.0 0.0 267.07 8290.52 0.0 0.0
129.5 95.88 6330.65 499.66 -4502.5 4.0 0.0 272.29 8290.52 0.0 0.0
113.1 175.28 8947.88 303.84 -4623.7 3.0 0.0 358.96 12088.37 0.0 0.0
137.85 105.69 7484.31 497.45 -3728.9 3.0 0.0 326.96 10706.9 0.0 0.0
132.97 106.99 7480.38 499.55 -3748.9 3.0 0.0 324.96 10706.9 0.0 0.0
129.99 106.3 7476.48 499.95 -3768.9 3.0 0.0 322.96 10706.89 0.0 0.0
127.28 105.24 7472.6 500.35 -3788.9 3.0 0.0 320.96 10706.89 0.0 0.0
124.56 104.11 7468.75 499.9 -3808.9 3.0 0.0 318.96 10706.88 0.0 0.0
121.8 102.94 7464.91 500.3 -3828.9 3.0 0.0 316.96 10706.88 0.0 0.0
118.98 101.73 7461.1 499.85 -3848.9 3.0 0.0 314.96 10706.87 0.0 0.0
116.12 100.48 7457.31 500.25 -3868.9 3.0 0.0 312.96 10706.87 0.0 0.0
114.74 99.2 7449.5 499.8 -3888.9 3.0 0.0 313.85 10706.86 0.0 0.0
115.07 97.96 7419.73 500.2 -3908.9 3.0 0.0 317.1 10706.86 0.0 0.0
115.93 96.79 7368.17 499.75 -3928.9 3.0 0.0 320.35 10706.85 0.0 0.0
117.23 95.71 7297.25 500.15 -3948.9 3.0 0.0 323.59 10706.84 0.0 0.0
118.93 94.74 7209.13 499.7 -3968.9 3.0 0.0 326.82 10706.84 0.0 0.0
120.95 93.89 7105.67 500.1 -3988.9 3.0 0.0 330.03 10706.83 0.0 0.0
110.26 75.97 7004.36 499.83 -3700.4 3.0 0.0 329.97 10641.04 0.0 0.0
112.37 88.19 6886.86 500.08 -3720.4 3.0 0.0 329.97 10639.62 0.0 0.0
119.27 98.13 6769.33 499.96 -3740.4 3.0 0.0 329.97 10639.4 0.0 0.0
123.39 105.49 6678.21 499.51 -3760.4 3.0 0.0 324.54 10639.39 0.0 0.0
127.28 111.91 6697.12 499.91 -3780.4 3.0 0.0 318.62 10639.39 0.0 0.0
123.14 152.74 7358.82 499.81 -3860.4 3.0 0.0 316.68 10639.36 0.0 0.0
125.58 156.74 7426.41 500.21 -3880.4 3.0 0.0 319.93 10639.31 0.0 0.0
131.07 157.6 7430.82 499.76 -3900.4 3.0 0.0 326.55 10639.26 0.0 0.0
135.79 157.45 7427.52 500.16 -3920.4 3.0 0.0 326.96 10639.21 0.0 0.0
134.91 156.83 7424.24 499.71 -3940.4 3.0 0.0 324.96 10639.16 0.0 0.0
132.5 155.96 7420.98 500.11 -3960.4 3.0 0.0 322.96 10639.11 0.0 0.0
129.85 154.89 7417.74 499.66 -3980.4 3.0 0.0 320.96 10639.06 0.0 0.0
127.14 153.67 7414.52 500.06 -4000.4 3.0 0.0 318.96 10639.01 0.0 0.0
124.37 152.33 7411.31 499.61 -4020.4 3.0 0.0 316.96 10638.96 0.0 0.0
121.56 150.87 7408.13 500.01 -4040.4 3.0 0.0 314.96 10638.91 0.0 0.0
118.71 149.33 7404.96 499.56 -4060.4 3.0 0.0 312.96 10638.86 0.0 0.0
115.8 147.7 7401.81 499.96 -4080.4 3.0 0.0 310.96 10638.81 0.0 0.0
112.84 146.0 7398.69 499.51 -4100.4 3.0 0.0 308.96 10638.76 0.0 0.0
109.83 144.22 7395.58 499.91 -4120.4 3.0 0.0 306.96 10638.7 0.0 0.0
106.77 142.38 7392.49 500.31 -4140.4 3.0 0.0 304.96 10638.65 0.0 0.0
103.66 140.47 7389.42 499.86 -4160.4 3.0 0.0 302.96 10638.6 0.0 0.0
100.5 138.5 7386.36 500.26 -4180.4 3.0 0.0 300.96 10638.55 0.0 0.0
97.28 136.47 7383.33 499.81 -4200.4 3.0 0.0 298.96 10638.5 0.0 0.0
94.01 134.37 7380.32 500.21 -4220.4 3.0 0.0 296.96 10638.45 0.0 0.0
90.68 132.2 7377.32 499.76 -4240.4 3.0 0.0 294.96 10638.4 0.0 0.0
87.3 129.96 7374.34 500.16 -4260.4 3.0 0.0 292.96 10638.35 0.0 0.0
85.42 127.67 7367.68 499.71 -4280.4 3.0 0.0 293.86 10638.3 0.0 0.0
85.45 125.37 7339.33 500.11 -4300.4 3.0 0.0 297.14 10638.25 0.0 0.0
86.08 123.08 7289.32 499.66 -4320.4 3.0 0.0 300.41 10638.2 0.0 0.0
87.21 120.81 7220.22 500.06 -4340.4 3.0 0.0 303.69 10638.15 0.0 0.0
88.78 118.58 7134.28 499.61 -4360.4 3.0 0.0 306.96 10638.1 0.0 0.0
90.72 116.38 7033.43 500.01 -4380.4 3.0 0.0 310.22 10638.05 0.0 0.0
96.42 114.27 6924.83 499.56 -4400.4 3.0 0.0 309.83 10638.0 0.0 0.0
107.76 112.33 6815.04 499.96 -4420.4 3.0 0.0 309.83 10637.95 0.0 0.0
79.53 29.6 5637.25 499.58 -4392.1 3.0 0.0 498.81 8444.26 0.0 0.0
83.44 31.8 5777.0 499.58 -4412.1 3.0 0.0 496.81 8589.0 0.0 0.0
88.19 34.11 5893.04 499.58 -4432.1 3.0 0.0 494.81 8710.01 0.0 0.0
93.06 36.54 5989.22 499.58 -4452.1 3.0 0.0 492.81 8811.15 0.0 0.0
97.96 39.09 6068.78 499.58 -4472.1 3.0 0.0 490.81 8895.65 0.0 0.0
102.88 41.75 6134.46 499.58 -4492.1 3.0 0.0 488.81 8966.24 0.0 0.0
68.02 12.5 7627.38 500.02 -3532.1 3.0 0.0 349.28 10698.93 0.0 0.0
56.4 15.59 7621.31 499.52 -3552.1 3.0 0.0 359.28 10697.52 0.0 0.0
50.01 18.85 7615.16 499.77 -3572.1 3.0 0.0 360.5 10696.11 0.0 0.0
50.0 22.27 7609.04 500.02 -3592.1 3.0 0.0 358.5 10694.71 0.0 0.0
51.68 25.8 7602.95 499.52 -3612.1 3.0 0.0 356.5 10693.3 0.0 0.0
53.62 29.47 7596.88 499.77 -3632.1 3.0 0.0 354.5 10691.89 0.0 0.0
55.62 33.33 7590.83 500.02 -3652.1 3.0 0.0 352.5 10690.49 0.0 0.0
57.66 37.46 7584.81 499.52 -3672.1 3.0 0.0 350.5 10689.08 0.0 0.0
59.74 41.96 7578.82 499.77 -3692.1 3.0 0.0 348.5 10687.67 0.0 0.0
61.86 46.99 7572.85 500.02 -3712.1 3.0 0.0 346.5 10686.27 0.0 0.0
64.01 52.79 7566.9 499.52 -3732.1 3.0 0.0 344.5 10684.86 0.0 0.0
66.21 59.73 7560.98 499.77 -3752.1 3.0 0.0 342.5 10683.45 0.0 0.0
68.45 68.42 7555.08 500.02 -3772.1 3.0 0.0 340.5 10682.05 0.0 0.0
70.06 79.81 7548.14 499.52 -3792.1 3.0 0.0 340.04 10680.64 0.0 0.0
70.6 93.76 7522.99 499.52 -3812.1 3.0 0.0 343.17 10679.54 0.0 0.0
75.66 107.24 7476.29 499.9 -3832.1 3.0 0.0 346.28 10679.61 0.0 0.0
83.12 122.82 7409.14 500.3 -3852.1 3.0 0.0 349.39 10679.61 0.0 0.0
90.92 140.1 7323.73 499.85 -3872.1 3.0 0.0 352.48 10679.6 0.0 0.0
97.26 154.73 7227.31 500.25 -3892.1 3.0 0.0 354.32 10679.6 0.0 0.0
106.55 164.66 7131.83 499.8 -3912.1 3.0 0.0 364.32 10679.59 0.0 0.0
117.79 170.46 7032.99 500.2 -3932.1 3.0 0.0 374.32 10679.59 0.0 0.0
123.57 173.17 6940.24 499.75 -3952.1 3.0 0.0 365.87 10679.58 0.0 0.0
128.39 173.93 6869.51 500.15 -3972.1 3.0 0.0 354.56 10679.58 0.0 0.0
130.49 173.58 6808.98 499.7 -3992.1 3.0 0.0 352.12 10679.57 0.0 0.0
129.1 172.69 6748.51 500.1 -4012.1 3.0 0.0 350.12 10679.57 0.0 0.0
126.97 171.5 6688.1 499.65 -4032.1 3.0 0.0 348.12 10679.56 0.0 0.0
124.72 170.12 6627.74 500.05 -4052.1 3.0 0.0 346.12 10679.56 0.0 0.0
122.42 168.59 6567.43 499.6 -4072.1 3.0 0.0 344.12 10679.55 0.0 0.0
120.08 166.95 6507.18 500.0 -4092.1 3.0 0.0 342.12 10679.55 0.0 0.0
117.69 165.22 6446.96 499.55 -4112.1 3.0 0.0 340.12 10679.54 0.0 0.0
115.26 163.42 6386.8 499.95 -4132.1 3.0 0.0 338.12 10679.54 0.0 0.0
112.78 161.55 6326.68 499.5 -4152.1 3.0 0.0 336.12 10679.53 0.0 0.0
110.26 159.62 6266.61 499.9 -4172.1 3.0 0.0 334.12 10679.52 0.0 0.0
107.69 157.64 6206.58 500.3 -4192.1 3.0 0.0 332.12 10679.52 0.0 0.0
105.08 155.61 6146.59 499.85 -4212.1 3.0 0.0 330.12 10679.51 0.0 0.0
102.42 153.52 6086.64 500.25 -4232.1 3.0 0.0 328.12 10679.51 0.0 0.0
99.71 151.39 6026.73 499.8 -4252.1 3.0 0.0 326.12 10679.5 0.0 0.0
96.95 149.22 5966.86 500.2 -4272.1 3.0 0.0 324.12 10679.5 0.0 0.0
94.15 146.99 5907.02 499.75 -4292.1 3.0 0.0 322.12 10679.49 0.0 0.0
91.29 144.71 5847.21 500.15 -4312.1 3.0 0.0 320.12 10679.49 0.0 0.0
88.39 142.38 5787.44 499.7 -4332.1 3.0 0.0 318.12 10679.48 0.0 0.0
85.43 140.0 5727.7 500.1 -4352.1 3.0 0.0 316.12 10679.48 0.0 0.0
82.42 137.56 5667.98 499.65 -4372.1 3.0 0.0 314.12 10679.47 0.0 0.0
79.46 135.06 5608.28 500.05 -4392.1 3.0 0.0 312.39 10679.47 0.0 0.0
80.7 132.54 5538.53 499.6 -4412.1 3.0 0.0 315.64 10679.46 0.0 0.0
82.34 130.07 5451.5 500.0 -4432.1 3.0 0.0 318.89 10679.46 0.0 0.0
84.34 127.63 5349.15 499.55 -4452.1 3.0 0.0 322.13 10679.45 0.0 0.0
88.73 125.25 5236.66 499.95 -4472.1 3.0 0.0 322.39 10679.45 0.0 0.0
97.84 123.01 5123.04 499.5 -4492.1 3.0 0.0 320.76 10679.44 0.0 0.0
101.92 120.89 5074.26 499.9 -4512.1 3.0 0.0 314.87 10679.44 0.0 0.0
106.16 118.81 5132.71 500.3 -4532.1 3.0 0.0 309.61 10679.43 0.0 0.0
110.52 116.78 5269.67 499.85 -4552.1 3.0 0.0 307.05 10679.42 0.0 0.0
64.9 12.67 7619.51 499.52 -3436.5 3.0 0.0 351.49 10699.02 0.0 0.0
53.65 15.81 7612.68 499.77 -3456.5 3.0 0.0 360.52 10697.61 0.0 0.0
50.56 19.13 7605.84 500.02 -3476.5 3.0 0.0 358.52 10696.2 0.0 0.0
51.49 22.58 7599.02 499.52 -3496.5 3.0 0.0 356.52 10694.8 0.0 0.0
53.35 26.14 7592.24 499.77 -3516.5 3.0 0.0 354.52 10693.39 0.0 0.0
55.34 29.86 7585.48 500.02 -3536.5 3.0 0.0 352.52 10691.98 0.0 0.0
57.38 33.78 7578.75 499.52 -3556.5 3.0 0.0 350.52 10690.57 0.0 0.0
59.46 37.98 7572.04 499.77 -3576.5 3.0 0.0 348.52 10689.16 0.0 0.0
61.57 42.59 7565.37 500.02 -3596.5 3.0 0.0 346.52 10687.75 0.0 0.0
63.73 47.75 7558.72 499.52 -3616.5 3.0 0.0 344.52 10686.34 0.0 0.0
65.93 53.75 7552.1 499.77 -3636.5 3.0 0.0 342.52 10684.94 0.0 0.0
68.17 60.96 7545.51 500.02 -3656.5 3.0 0.0 340.52 10683.53 0.0 0.0
70.46 70.05 7538.95 499.52 -3676.5 3.0 0.0 338.52 10682.12 0.0 0.0
71.36 81.92 7528.38 499.77 -3696.5 3.0 0.0 339.34 10680.71 0.0 0.0
72.61 95.49 7496.39 499.27 -3716.5 3.0 0.0 342.47 10679.86 0.0 0.0
78.14 108.76 7443.36 499.8 -3736.5 3.0 0.0 345.59 10679.93 0.0 0.0
85.73 124.12 7370.56 500.2 -3756.5 3.0 0.0 348.7 10679.92 0.0 0.0
93.47 140.77 7280.13 499.75 -3776.5 3.0 0.0 351.79 10679.92 0.0 0.0
99.75 154.58 7181.27 500.15 -3796.5 3.0 0.0 354.62 10679.91 0.0 0.0
109.5 163.94 7082.82 499.7 -3816.5 3.0 0.0 364.62 10679.91 0.0 0.0
120.83 169.39 6980.87 500.1 -3836.5 3.0 0.0 374.62 10679.9 0.0 0.0
125.79 171.91 6888.33 499.65 -3856.5 3.0 0.0 363.43 10679.9 0.0 0.0
130.6 172.59 6818.26 500.05 -3876.5 3.0 0.0 352.25 10679.89 0.0 0.0
132.68 172.19 6758.33 499.6 -3896.5 3.0 0.0 349.82 10679.89 0.0 0.0
131.25 171.29 6698.48 500.0 -3916.5 3.0 0.0 347.82 10679.88 0.0 0.0
129.08 170.1 6638.68 499.55 -3936.5 3.0 0.0 345.82 10679.88 0.0 0.0
126.78 168.72 6578.94 499.95 -3956.5 3.0 0.0 343.82 10679.87 0.0 0.0
124.43 167.2 6519.24 500.35 -3976.5 3.0 0.0 341.82 10679.87 0.0 0.0
122.04 165.57 6459.6 499.9 -3996.5 3.0 0.0 339.82 10679.86 0.0 0.0
119.6 163.85 6400.01 500.3 -4016.5 3.0 0.0 337.82 10679.86 0.0 0.0
117.12 162.05 6340.46 499.85 -4036.5 3.0 0.0 335.82 10679.85 0.0 0.0
114.59 160.2 6280.96 500.25 -4056.5 3.0 0.0 333.82 10679.85 0.0 0.0
112.02 158.28 6221.51 499.8 -4076.5 3.0 0.0 331.82 10679.84 0.0 0.0
109.4 156.31 6162.1 500.2 -4096.5 3.0 0.0 329.82 10679.84 0.0 0.0
106.73 154.29 6102.73 499.75 -4116.5 3.0 0.0 327.82 10679.83 0.0 0.0
104.02 152.23 6043.4 500.15 -4136.5 3.0 0.0 325.82 10679.82 0.0 0.0
101.26 150.11 5984.11 499.7 -4156.5 3.0 0.0 323.82 10679.82 0.0 0.0
98.45 147.94 5924.86 500.1 -4176.5 3.0 0.0 321.82 10679.81 0.0 0.0
95.59 145.73 5865.65 499.65 -4196.5 3.0 0.0 319.82 10679.81 0.0 0.0
92.67 143.47 5806.47 500.05 -4216.5 3.0 0.0 317.82 10679.8 0.0 0.0
89.71 141.15 5747.33 499.6 -4236.5 3.0 0.0 315.82 10679.8 0.0 0.0
86.7 138.78 5688.21 500.0 -4256.5 3.0 0.0 313.82 10679.79 0.0 0.0
83.63 136.35 5629.13 499.55 -4276.5 3.0 0.0 311.82 10679.79 0.0 0.0
80.62 133.86 5570.06 499.95 -4296.5 3.0 0.0 310.08 10679.78 0.0 0.0
81.82 131.36 5500.93 500.35 -4316.5 3.0 0.0 313.34 10679.78 0.0 0.0
83.44 128.89 5414.52 499.9 -4336.5 3.0 0.0 316.59 10679.77 0.0 0.0
85.42 126.46 5312.79 500.3 -4356.5 3.0 0.0 319.84 10679.77 0.0 0.0
89.96 124.08 5201.15 499.85 -4376.5 3.0 0.0 320.15 10679.76 0.0 0.0
99.01 121.86 5088.56 500.25 -4396.5 3.0 0.0 318.27 10679.76 0.0 0.0
103.07 119.74 5043.66 499.8 -4416.5 3.0 0.0 312.49 10679.75 0.0 0.0
107.31 117.67 5105.0 500.2 -4436.5 3.0 0.0 307.43 10679.75 0.0 0.0
111.67 115.64 5243.91 499.75 -4456.5 3.0 0.0 305.06 10679.74 0.0 0.0
71.41 2.3 6235.41 500.23 -3212.9 3.0 0.0 358.67 9478.84 0.0 0.0
127.51 100.59 4718.52 463.3 -3102.4 4.0 0.0 340.21 8325.16 0.0 0.0
129.82 97.67 4941.25 477.3 -3122.4 4.0 0.0 338.33 8325.17 0.0 0.0
132.42 95.0 5158.61 491.3 -3142.4 4.0 0.0 336.43 8325.17 0.0 0.0
135.18 92.55 5370.75 500.2 -3162.4 4.0 0.0 334.5 8325.17 0.0 0.0
137.99 90.16 5577.83 499.75 -3182.4 4.0 0.0 332.55 8325.17 0.0 0.0
140.82 87.81 5779.99 500.15 -3202.4 4.0 0.0 330.59 8325.18 0.0 0.0
143.67 85.49 5977.38 499.7 -3222.4 4.0 0.0 328.61 8325.18 0.0 0.0
146.55 83.18 6170.14 500.1 -3242.4 4.0 0.0 326.63 8325.18 0.0 0.0
149.46 80.9 6358.41 499.65 -3262.4 4.0 0.0 324.64 8325.18 0.0 0.0
152.39 78.63 6542.32 500.05 -3282.4 4.0 0.0 322.64 8325.19 0.0 0.0
155.35 76.37 6721.99 499.6 -3302.4 4.0 0.0 320.65 8325.19 0.0 0.0
158.35 74.11 6897.54 500.0 -3322.4 4.0 0.0 318.65 8325.19 0.0 0.0
132.23 106.34 6423.8 499.56 -3882.4 3.0 1.0 352.88 7431.57 1.0 0.0
111.82 77.77 7090.43 499.88 -3739.9 3.0 0.0 322.12 10695.07 0.0 0.0
114.32 92.99 6976.37 500.13 -3759.9 3.0 0.0 322.12 10693.86 0.0 0.0
120.17 105.86 6865.07 500.06 -3779.9 3.0 0.0 319.36 10693.94 0.0 0.0
123.29 116.93 6837.37 499.61 -3799.9 3.0 0.0 313.45 10693.93 0.0 0.0
127.39 126.66 6911.36 500.01 -3819.9 3.0 0.0 308.73 10693.93 0.0 0.0
110.68 79.03 12700.22 498.81 -3545.0 3.0 0.0 432.32 10775.42 0.0 0.0
113.24 98.07 12625.13 499.56 -3565.0 3.0 0.0 430.32 10774.53 0.0 0.0
117.14 110.67 12551.06 500.34 -3585.0 3.0 0.0 428.32 10774.6 0.0 0.0
118.64 116.32 12476.97 499.89 -3605.0 3.0 0.0 426.32 10774.6 0.0 0.0
119.64 119.02 12402.92 500.29 -3625.0 3.0 0.0 424.32 10774.59 0.0 0.0
120.62 120.26 12328.93 499.84 -3645.0 3.0 0.0 422.32 10774.59 0.0 0.0
121.62 120.63 12254.99 500.24 -3665.0 3.0 0.0 420.32 10774.58 0.0 0.0
122.65 120.43 12181.1 499.79 -3685.0 3.0 0.0 418.32 10774.57 0.0 0.0
123.71 119.84 12107.25 500.19 -3705.0 3.0 0.0 416.32 10774.57 0.0 0.0
124.8 118.98 12033.45 499.74 -3725.0 3.0 0.0 414.32 10774.56 0.0 0.0
125.92 117.91 11959.7 500.14 -3745.0 3.0 0.0 412.32 10774.56 0.0 0.0
127.07 116.69 11885.99 499.69 -3765.0 3.0 0.0 410.32 10774.55 0.0 0.0
128.25 115.36 11812.32 500.09 -3785.0 3.0 0.0 408.32 10774.55 0.0 0.0
129.45 113.94 11738.7 499.64 -3805.0 3.0 0.0 406.32 10774.54 0.0 0.0
130.69 112.45 11665.11 500.04 -3825.0 3.0 0.0 404.32 10774.54 0.0 0.0
131.96 110.9 11591.57 499.59 -3845.0 3.0 0.0 402.32 10774.53 0.0 0.0
133.27 109.31 11518.06 499.99 -3865.0 3.0 0.0 400.32 10774.53 0.0 0.0
134.6 107.68 11444.6 499.54 -3885.0 3.0 0.0 398.32 10774.52 0.0 0.0
135.96 106.02 11371.16 499.94 -3905.0 3.0 0.0 396.32 10774.52 0.0 0.0
137.36 104.34 11297.76 500.34 -3925.0 3.0 0.0 394.32 10774.51 0.0 0.0
138.79 102.63 11224.4 499.89 -3945.0 3.0 0.0 392.32 10774.51 0.0 0.0
140.26 100.92 11151.06 500.29 -3965.0 3.0 0.0 390.32 10774.5 0.0 0.0
141.76 99.19 11077.76 499.84 -3985.0 3.0 0.0 388.32 10774.5 0.0 0.0
151.4 63.06 5956.94 499.87 -2786.0 3.0 0.0 434.15 6444.58 0.0 0.0
103.18 75.67 12855.13 499.92 -3566.0 3.0 0.0 430.12 10792.81 0.0 0.0
103.49 89.94 12779.4 500.17 -3586.0 3.0 0.0 428.12 10790.96 0.0 0.0
108.29 102.83 12705.5 499.5 -3606.0 3.0 0.0 426.12 10790.88 0.0 0.0
110.59 109.4 12631.72 499.9 -3626.0 3.0 0.0 424.12 10790.88 0.0 0.0
110.3 112.47 12558.0 500.3 -3646.0 3.0 0.0 422.12 10790.87 0.0 0.0
102.76 113.51 12484.32 499.85 -3666.0 3.0 0.0 420.12 10790.87 0.0 0.0
92.62 112.95 12410.69 500.25 -3686.0 3.0 0.0 418.12 10790.86 0.0 0.0
81.98 111.27 12337.12 499.8 -3706.0 3.0 0.0 416.12 10790.86 0.0 0.0
48.74 66.97 11457.54 499.5 -3946.0 3.0 0.0 392.12 10790.79 0.0 0.0
59.84 63.13 11384.49 499.9 -3966.0 3.0 0.0 390.12 10790.79 0.0 0.0
70.97 59.48 11311.46 500.3 -3986.0 3.0 0.0 388.12 10790.78 0.0 0.0
82.14 56.14 11238.47 499.85 -4006.0 3.0 0.0 386.12 10790.78 0.0 0.0
93.1 53.26 11165.43 500.25 -4026.0 3.0 0.0 384.63 10790.77 0.0 0.0
142.03 131.59 10317.8 499.65 -4166.0 3.0 0.0 400.18 10790.74 0.0 0.0
148.72 157.76 10187.21 500.05 -4186.0 3.0 0.0 396.58 10790.73 0.0 0.0
153.53 166.21 10083.24 499.6 -4206.0 3.0 0.0 382.97 10790.73 0.0 0.0
158.35 168.58 10003.7 500.0 -4226.0 3.0 0.0 370.64 10790.72 0.0 0.0
147.25 174.25 9752.48 499.9 -4306.0 3.0 0.0 359.05 10790.7 0.0 0.0
143.09 173.99 9690.1 500.3 -4326.0 3.0 0.0 357.05 10790.69 0.0 0.0
140.69 171.93 9627.78 499.85 -4346.0 3.0 0.0 355.05 10790.69 0.0 0.0
138.53 169.61 9565.5 500.25 -4366.0 3.0 0.0 353.05 10790.68 0.0 0.0
136.37 167.29 9503.27 499.8 -4386.0 3.0 0.0 351.05 10790.67 0.0 0.0
134.17 165.0 9441.08 500.2 -4406.0 3.0 0.0 349.05 10790.67 0.0 0.0
131.92 162.71 9378.95 499.75 -4426.0 3.0 0.0 347.05 10790.66 0.0 0.0
129.63 160.43 9316.85 500.15 -4446.0 3.0 0.0 345.05 10790.65 0.0 0.0
127.3 158.15 9254.8 499.7 -4466.0 3.0 0.0 343.05 10790.65 0.0 0.0
124.93 155.87 9192.79 500.1 -4486.0 3.0 0.0 341.05 10790.64 0.0 0.0
122.51 153.58 9130.82 499.65 -4506.0 3.0 0.0 339.05 10790.63 0.0 0.0
120.05 151.28 9068.89 500.05 -4526.0 3.0 0.0 337.05 10790.63 0.0 0.0
117.54 148.97 9006.99 499.6 -4546.0 3.0 0.0 335.05 10790.62 0.0 0.0
114.99 146.63 8945.13 500.0 -4566.0 3.0 0.0 333.05 10790.61 0.0 0.0
112.39 144.28 8883.3 499.55 -4586.0 3.0 0.0 331.05 10790.61 0.0 0.0
109.75 141.9 8821.51 499.95 -4606.0 3.0 0.0 329.05 10790.6 0.0 0.0
107.05 139.5 8759.75 499.5 -4626.0 3.0 0.0 327.05 10790.6 0.0 0.0
104.31 137.07 8698.01 499.9 -4646.0 3.0 0.0 325.05 10790.59 0.0 0.0
101.52 134.6 8636.3 500.3 -4666.0 3.0 0.0 323.05 10790.58 0.0 0.0
98.68 132.09 8574.61 499.85 -4686.0 3.0 0.0 321.05 10790.58 0.0 0.0
95.79 129.55 8512.95 500.25 -4706.0 3.0 0.0 319.05 10790.57 0.0 0.0
92.85 126.95 8451.31 499.8 -4726.0 3.0 0.0 317.05 10790.56 0.0 0.0
90.16 124.31 8389.61 500.2 -4746.0 3.0 0.0 315.57 10790.56 0.0 0.0
91.48 121.66 8317.09 499.75 -4766.0 3.0 0.0 318.82 10790.55 0.0 0.0
124.12 96.64 4840.35 482.84 -3207.0 4.0 0.0 338.96 8334.82 0.0 0.0
126.74 93.93 5060.16 496.84 -3227.0 4.0 0.0 337.09 8334.83 0.0 0.0
129.52 91.41 5274.7 499.79 -3247.0 4.0 0.0 335.18 8334.83 0.0 0.0
132.33 88.93 5484.09 500.19 -3267.0 4.0 0.0 333.26 8334.83 0.0 0.0
135.15 86.48 5688.51 499.74 -3287.0 4.0 0.0 331.31 8334.83 0.0 0.0
138.0 84.07 5888.1 500.14 -3307.0 4.0 0.0 329.35 8334.83 0.0 0.0
140.87 81.69 6082.99 499.69 -3327.0 4.0 0.0 327.38 8334.84 0.0 0.0
143.77 79.32 6273.33 500.09 -3347.0 4.0 0.0 325.41 8334.84 0.0 0.0
146.69 76.97 6459.25 499.64 -3367.0 4.0 0.0 323.42 8334.84 0.0 0.0
149.64 74.64 6640.88 500.04 -3387.0 4.0 0.0 321.44 8334.84 0.0 0.0
152.63 72.31 6818.33 499.59 -3407.0 4.0 0.0 319.45 8334.84 0.0 0.0
149.27 119.95 7575.84 500.32 -3741.4 3.0 0.0 323.66 10704.48 0.0 0.0
145.74 119.85 7571.51 499.87 -3761.4 3.0 0.0 321.66 10704.47 0.0 0.0
142.94 118.89 7567.2 500.27 -3781.4 3.0 0.0 319.66 10704.47 0.0 0.0
140.18 117.78 7562.92 499.82 -3801.4 3.0 0.0 317.66 10704.46 0.0 0.0
137.38 116.59 7558.66 500.22 -3821.4 3.0 0.0 315.66 10704.46 0.0 0.0
134.54 115.35 7554.42 499.77 -3841.4 3.0 0.0 313.66 10704.45 0.0 0.0
131.65 114.05 7550.22 500.17 -3861.4 3.0 0.0 311.66 10704.44 0.0 0.0
128.7 112.7 7546.03 499.72 -3881.4 3.0 0.0 309.66 10704.44 0.0 0.0
125.71 111.3 7541.88 500.12 -3901.4 3.0 0.0 307.66 10704.43 0.0 0.0
122.67 109.85 7537.74 499.67 -3921.4 3.0 0.0 305.66 10704.43 0.0 0.0
119.57 108.34 7533.63 500.07 -3941.4 3.0 0.0 303.66 10704.42 0.0 0.0
116.42 106.79 7529.55 499.62 -3961.4 3.0 0.0 301.66 10704.42 0.0 0.0
113.22 105.18 7525.5 500.02 -3981.4 3.0 0.0 299.66 10704.41 0.0 0.0
110.6 103.51 7520.74 499.57 -4001.4 3.0 0.0 298.98 10704.41 0.0 0.0
110.55 101.85 7498.44 499.97 -4021.4 3.0 0.0 302.26 10704.4 0.0 0.0
96.39 149.14 7338.0 299.55 -4589.0 3.0 0.0 323.73 10705.87 0.0 0.0
92.01 147.96 7333.71 313.3 -4605.0 3.0 0.0 321.73 10705.86 0.0 0.0
91.2 143.18 7329.47 327.3 -4621.0 3.0 0.0 319.73 10705.86 0.0 0.0
90.76 138.02 7325.25 341.3 -4637.4 3.0 0.0 317.73 10705.87 0.0 0.0
90.06 133.1 7321.06 355.3 -4657.4 3.0 0.0 315.73 10705.87 0.0 0.0
89.05 128.47 7316.89 369.3 -4677.4 3.0 0.0 313.73 10705.88 0.0 0.0
89.05 124.11 7309.71 383.3 -4697.4 3.0 0.0 314.35 10705.88 0.0 0.0
90.71 120.05 7281.34 397.3 -4717.4 3.0 0.0 317.61 10705.89 0.0 0.0
92.69 116.29 7231.02 411.3 -4737.4 3.0 0.0 320.86 10705.9 0.0 0.0
92.25 73.99 6884.23 499.77 -3710.3 3.0 0.0 279.77 10662.15 0.0 0.0
78.28 82.3 6780.8 500.02 -3730.3 3.0 0.0 279.77 10660.19 0.0 0.0
64.36 90.53 6676.11 499.77 -3750.3 3.0 0.0 279.77 10658.27 0.0 0.0
55.8 93.32 6572.07 499.9 -3770.3 3.0 0.0 279.77 10658.34 0.0 0.0
50.22 92.99 6466.57 500.3 -3790.3 3.0 0.0 279.77 10658.33 0.0 0.0
82.45 25.46 5288.24 500.29 -4449.1 3.0 0.0 499.07 8095.16 0.0 0.0
85.89 27.7 5493.61 500.29 -4469.1 3.0 0.0 497.07 8305.55 0.0 0.0
90.57 30.06 5664.73 500.29 -4489.1 3.0 0.0 495.07 8481.69 0.0 0.0
95.43 32.54 5807.09 500.29 -4509.1 3.0 0.0 493.07 8629.04 0.0 0.0
100.32 35.16 5925.33 500.29 -4529.1 3.0 0.0 491.07 8752.24 0.0 0.0
105.24 37.9 6023.37 500.29 -4549.1 3.0 0.0 489.07 8855.23 0.0 0.0
29.38 65.92 5453.83 415.61 -3281.4 0.0 1.0 340.04 6940.97 1.0 0.0
71.53 27.62 5482.79 499.68 -4348.0 3.0 0.0 499.88 8272.31 0.0 0.0
73.66 29.54 5635.6 499.68 -4368.0 3.0 0.0 497.78 8430.05 0.0 0.0
78.04 31.55 5762.59 499.68 -4388.0 3.0 0.0 495.78 8561.95 0.0 0.0
82.86 33.66 5867.96 499.68 -4408.0 3.0 0.0 493.78 8672.22 0.0 0.0
87.75 35.89 5955.22 499.68 -4428.0 3.0 0.0 491.78 8764.36 0.0 0.0
92.65 38.22 6027.35 499.68 -4448.0 3.0 0.0 489.78 8841.34 0.0 0.0
97.58 40.67 6086.83 499.68 -4468.0 3.0 0.0 487.78 8905.66 0.0 0.0
102.53 43.22 6135.74 499.68 -4488.0 3.0 0.0 485.78 8959.38 0.0 0.0
108.7 165.79 4604.68 300.26 -4389.1 3.0 0.0 372.35 8012.11 0.0 0.0
104.48 165.4 4601.5 311.6 -4405.1 3.0 0.0 370.35 8012.11 0.0 0.0
104.4 160.87 4598.34 325.6 -4421.1 3.0 0.0 368.35 8012.11 0.0 0.0
104.96 155.72 4595.2 339.6 -4437.1 3.0 0.0 366.35 8012.11 0.0 0.0
105.31 150.82 4592.07 353.6 -4457.0 3.0 0.0 364.35 8012.12 0.0 0.0
105.36 146.25 4588.97 367.6 -4477.0 3.0 0.0 362.35 8012.12 0.0 0.0
105.12 141.98 4585.87 381.6 -4497.0 3.0 0.0 360.35 8012.12 0.0 0.0
104.62 137.99 4582.8 395.6 -4517.0 3.0 0.0 358.35 8012.13 0.0 0.0
103.86 134.24 4579.74 409.6 -4537.0 3.0 0.0 356.35 8012.13 0.0 0.0
102.87 130.73 4576.7 423.6 -4557.0 3.0 0.0 354.35 8012.13 0.0 0.0
101.64 127.43 4573.67 437.6 -4577.0 3.0 0.0 352.35 8012.14 0.0 0.0
100.2 124.32 4570.66 451.6 -4597.0 3.0 0.0 350.35 8012.14 0.0 0.0
98.56 121.39 4567.67 465.6 -4617.0 3.0 0.0 348.35 8012.15 0.0 0.0
75.73 30.23 5657.07 499.59 -4371.5 3.0 0.0 498.32 8464.88 0.0 0.0
79.89 32.29 5780.47 499.59 -4391.5 3.0 0.0 496.32 8593.32 0.0 0.0
84.68 34.45 5882.8 499.59 -4411.5 3.0 0.0 494.32 8700.68 0.0 0.0
89.55 36.73 5967.51 499.59 -4431.5 3.0 0.0 492.32 8790.38 0.0 0.0
94.46 39.12 6037.47 499.59 -4451.5 3.0 0.0 490.32 8865.33 0.0 0.0
99.38 41.61 6095.12 499.59 -4471.5 3.0 0.0 488.32 8927.94 0.0 0.0
104.33 44.21 6142.47 499.59 -4491.5 3.0 0.0 486.32 8980.24 0.0 0.0
58.96 14.45 7628.93 500.04 -3487.1 3.0 0.0 361.45 10706.75 0.0 0.0
51.02 17.84 7622.1 499.54 -3507.1 3.0 0.0 364.76 10705.37 0.0 0.0
50.34 21.38 7615.3 499.79 -3527.1 3.0 0.0 362.76 10703.99 0.0 0.0
51.82 25.04 7608.52 500.04 -3547.1 3.0 0.0 360.76 10702.61 0.0 0.0
53.67 28.83 7601.78 499.54 -3567.1 3.0 0.0 358.76 10701.22 0.0 0.0
55.59 32.79 7595.06 499.79 -3587.1 3.0 0.0 356.76 10699.84 0.0 0.0
57.55 36.97 7588.37 500.04 -3607.1 3.0 0.0 354.76 10698.46 0.0 0.0
59.54 41.46 7581.71 499.54 -3627.1 3.0 0.0 352.76 10697.08 0.0 0.0
61.58 46.35 7575.07 499.79 -3647.1 3.0 0.0 350.76 10695.7 0.0 0.0
63.65 51.78 7568.47 500.04 -3667.1 3.0 0.0 348.76 10694.32 0.0 0.0
65.77 57.96 7561.89 499.54 -3687.1 3.0 0.0 346.76 10692.94 0.0 0.0
67.92 65.18 7555.34 499.79 -3707.1 3.0 0.0 344.76 10691.56 0.0 0.0
70.11 73.84 7548.81 500.04 -3727.1 3.0 0.0 342.76 10690.18 0.0 0.0
70.26 84.36 7533.97 499.54 -3747.1 3.0 0.0 344.86 10688.8 0.0 0.0
71.71 94.74 7496.42 500.11 -3767.1 3.0 0.0 347.97 10688.14 0.0 0.0
77.36 102.96 7438.08 499.66 -3787.1 3.0 0.0 351.06 10688.14 0.0 0.0
84.91 111.86 7360.51 500.06 -3807.1 3.0 0.0 354.16 10688.13 0.0 0.0
92.56 123.09 7265.68 499.61 -3827.1 3.0 0.0 357.24 10688.13 0.0 0.0
99.98 135.46 7155.32 500.01 -3847.1 3.0 0.0 360.32 10688.12 0.0 0.0
105.01 146.51 7053.43 499.56 -3867.1 3.0 0.0 355.9 10688.11 0.0 0.0
109.14 154.76 7058.07 499.96 -3887.1 3.0 0.0 350.02 10688.11 0.0 0.0
113.41 160.16 7157.16 499.51 -3907.1 3.0 0.0 344.14 10688.1 0.0 0.0
118.53 163.41 7287.52 499.91 -3927.1 3.0 0.0 344.97 10688.1 0.0 0.0
123.84 165.25 7339.54 500.31 -3947.1 3.0 0.0 348.02 10688.09 0.0 0.0
127.72 165.98 7338.42 499.86 -3967.1 3.0 0.0 347.92 10688.09 0.0 0.0
127.18 165.96 7334.25 500.26 -3987.1 3.0 0.0 345.92 10688.08 0.0 0.0
125.2 165.47 7330.1 499.81 -4007.1 3.0 0.0 343.92 10688.08 0.0 0.0
123.01 164.67 7325.97 500.21 -4027.1 3.0 0.0 341.92 10688.07 0.0 0.0
120.75 163.62 7321.87 499.76 -4047.1 3.0 0.0 339.92 10688.07 0.0 0.0
118.46 162.39 7317.79 500.16 -4067.1 3.0 0.0 337.92 10688.06 0.0 0.0
116.12 161.01 7313.74 499.71 -4087.1 3.0 0.0 335.92 10688.06 0.0 0.0
113.75 159.52 7309.7 500.11 -4107.1 3.0 0.0 333.92 10688.05 0.0 0.0
111.32 157.92 7305.69 499.66 -4127.1 3.0 0.0 331.92 10688.05 0.0 0.0
108.86 156.23 7301.7 500.06 -4147.1 3.0 0.0 329.92 10688.04 0.0 0.0
106.35 154.47 7297.74 499.61 -4167.1 3.0 0.0 327.92 10688.04 0.0 0.0
103.79 152.63 7293.79 500.01 -4187.1 3.0 0.0 325.92 10688.03 0.0 0.0
101.19 150.73 7289.87 499.56 -4207.1 3.0 0.0 323.92 10688.03 0.0 0.0
98.54 148.76 7285.97 499.96 -4227.1 3.0 0.0 321.92 10688.02 0.0 0.0
95.85 146.73 7282.1 499.51 -4247.1 3.0 0.0 319.92 10688.02 0.0 0.0
93.11 144.64 7278.24 499.91 -4267.1 3.0 0.0 317.92 10688.01 0.0 0.0
90.32 142.5 7274.41 500.31 -4287.1 3.0 0.0 315.92 10688.0 0.0 0.0
87.48 140.29 7270.61 499.86 -4307.1 3.0 0.0 313.92 10688.0 0.0 0.0
84.6 138.02 7266.82 500.26 -4327.1 3.0 0.0 311.92 10687.99 0.0 0.0
81.66 135.69 7263.06 499.81 -4347.1 3.0 0.0 309.92 10687.99 0.0 0.0
80.0 133.31 7256.28 500.21 -4367.1 3.0 0.0 310.55 10687.98 0.0 0.0
80.25 130.92 7228.29 499.76 -4387.1 3.0 0.0 313.81 10687.98 0.0 0.0
81.03 128.54 7178.36 500.16 -4407.1 3.0 0.0 317.06 10687.97 0.0 0.0
82.28 126.2 7108.96 499.71 -4427.1 3.0 0.0 320.31 10687.97 0.0 0.0
83.93 123.89 7022.27 500.11 -4447.1 3.0 0.0 323.55 10687.96 0.0 0.0
85.93 121.63 6920.19 499.66 -4467.1 3.0 0.0 326.78 10687.96 0.0 0.0
89.52 119.42 6806.67 500.06 -4487.1 3.0 0.0 327.51 10687.95 0.0 0.0
99.18 117.36 6691.12 499.61 -4507.1 3.0 0.0 327.51 10687.95 0.0 0.0
106.44 115.5 6587.55 500.01 -4527.1 3.0 0.0 323.26 10687.94 0.0 0.0
65.91 4.89 7579.52 499.79 -3492.9 3.0 0.0 346.68 10711.32 0.0 0.0
61.01 8.17 7572.28 500.04 -3512.9 3.0 0.0 346.13 10709.75 0.0 0.0
61.67 11.54 7565.07 499.54 -3532.9 3.0 0.0 344.13 10708.18 0.0 0.0
63.69 15.0 7557.9 499.79 -3552.9 3.0 0.0 342.13 10706.61 0.0 0.0
65.93 18.55 7550.75 500.04 -3572.9 3.0 0.0 340.13 10705.04 0.0 0.0
68.22 22.23 7543.64 499.54 -3592.9 3.0 0.0 338.13 10703.47 0.0 0.0
70.55 26.09 7536.56 499.79 -3612.9 3.0 0.0 336.13 10701.9 0.0 0.0
72.93 30.18 7529.5 500.04 -3632.9 3.0 0.0 334.13 10700.33 0.0 0.0
75.35 34.56 7522.48 499.54 -3652.9 3.0 0.0 332.13 10698.76 0.0 0.0
77.81 39.36 7515.49 499.79 -3672.9 3.0 0.0 330.13 10697.19 0.0 0.0
80.32 44.71 7508.52 500.04 -3692.9 3.0 0.0 328.13 10695.62 0.0 0.0
82.87 50.82 7501.59 499.54 -3712.9 3.0 0.0 326.13 10694.05 0.0 0.0
85.47 57.99 7494.69 499.79 -3732.9 3.0 0.0 324.13 10692.48 0.0 0.0
86.03 66.55 7480.48 500.04 -3752.9 3.0 0.0 326.05 10690.91 0.0 0.0
85.43 76.81 7443.14 499.54 -3772.9 3.0 0.0 329.26 10689.34 0.0 0.0
84.36 89.15 7384.51 499.79 -3792.9 3.0 0.0 332.46 10687.77 0.0 0.0
87.43 99.21 7308.33 499.77 -3812.9 3.0 0.0 335.63 10687.64 0.0 0.0
93.73 108.09 7215.33 500.17 -3832.9 3.0 0.0 338.79 10687.63 0.0 0.0
101.03 117.83 7107.18 499.72 -3852.9 3.0 0.0 341.92 10687.63 0.0 0.0
106.26 128.38 7002.38 500.12 -3872.9 3.0 0.0 338.35 10687.62 0.0 0.0
110.34 138.08 7000.62 499.67 -3892.9 3.0 0.0 332.47 10687.62 0.0 0.0
114.58 145.79 7094.3 500.07 -3912.9 3.0 0.0 327.34 10687.61 0.0 0.0
119.29 151.28 7250.86 499.62 -3932.9 3.0 0.0 326.14 10687.61 0.0 0.0
124.74 155.09 7349.21 500.02 -3952.9 3.0 0.0 329.28 10687.6 0.0 0.0
67.76 7.43 7611.35 499.62 -3575.6 3.0 0.0 351.74 10707.55 0.0 0.0
58.15 10.57 7605.52 499.87 -3595.6 3.0 0.0 357.47 10706.41 0.0 0.0
56.66 13.84 7599.7 500.12 -3615.6 3.0 0.0 355.47 10705.26 0.0 0.0
58.08 17.21 7593.91 499.62 -3635.6 3.0 0.0 353.47 10704.12 0.0 0.0
60.04 20.67 7588.14 499.87 -3655.6 3.0 0.0 351.47 10702.98 0.0 0.0
62.09 24.25 7582.39 500.12 -3675.6 3.0 0.0 349.47 10701.84 0.0 0.0
64.19 28.0 7576.67 499.62 -3695.6 3.0 0.0 347.47 10700.7 0.0 0.0
66.33 31.96 7570.98 499.87 -3715.6 3.0 0.0 345.47 10699.55 0.0 0.0
68.51 36.23 7565.31 500.12 -3735.6 3.0 0.0 343.47 10698.41 0.0 0.0
70.73 40.91 7559.66 499.62 -3755.6 3.0 0.0 341.47 10697.27 0.0 0.0
73.0 46.17 7554.04 499.87 -3775.6 3.0 0.0 339.47 10696.13 0.0 0.0
75.3 52.24 7548.44 500.12 -3795.6 3.0 0.0 337.47 10694.99 0.0 0.0
77.65 59.49 7542.87 499.62 -3815.6 3.0 0.0 335.47 10693.85 0.0 0.0
79.6 68.49 7536.87 499.87 -3835.6 3.0 0.0 334.51 10692.71 0.0 0.0
79.2 79.78 7514.17 500.12 -3855.6 3.0 0.0 337.67 10691.56 0.0 0.0
79.25 93.05 7468.74 499.87 -3875.6 3.0 0.0 340.81 10690.64 0.0 0.0
83.9 104.69 7403.8 499.65 -3895.6 3.0 0.0 343.93 10690.71 0.0 0.0
91.03 117.04 7320.41 500.05 -3915.6 3.0 0.0 347.04 10690.71 0.0 0.0
98.56 130.89 7220.57 499.6 -3935.6 3.0 0.0 350.14 10690.7 0.0 0.0
104.56 143.89 7111.97 500.0 -3955.6 3.0 0.0 348.03 10690.7 0.0 0.0
108.64 153.72 7090.82 499.55 -3975.6 3.0 0.0 342.26 10690.69 0.0 0.0
112.87 160.14 7170.27 499.95 -3995.6 3.0 0.0 336.42 10690.69 0.0 0.0
118.01 163.98 7279.52 500.35 -4015.6 3.0 0.0 337.63 10690.68 0.0 0.0
123.3 166.12 7312.83 499.9 -4035.6 3.0 0.0 340.71 10690.68 0.0 0.0
126.36 167.01 7308.34 500.3 -4055.6 3.0 0.0 339.96 10690.67 0.0 0.0
125.21 167.1 7303.76 499.85 -4075.6 3.0 0.0 337.96 10690.67 0.0 0.0
123.01 166.68 7299.22 500.25 -4095.6 3.0 0.0 335.96 10690.66 0.0 0.0
120.64 165.92 7294.69 499.8 -4115.6 3.0 0.0 333.96 10690.66 0.0 0.0
118.22 164.91 7290.2 500.2 -4135.6 3.0 0.0 331.96 10690.65 0.0 0.0
115.75 163.7 7285.72 499.75 -4155.6 3.0 0.0 329.96 10690.65 0.0 0.0
113.24 162.33 7281.28 500.15 -4175.6 3.0 0.0 327.96 10690.64 0.0 0.0
110.69 160.84 7276.86 499.7 -4195.6 3.0 0.0 325.96 10690.64 0.0 0.0
108.08 159.24 7272.46 500.1 -4215.6 3.0 0.0 323.96 10690.63 0.0 0.0
105.44 157.55 7268.09 499.65 -4235.6 3.0 0.0 321.96 10690.62 0.0 0.0
102.74 155.77 7263.74 500.05 -4255.6 3.0 0.0 319.96 10690.62 0.0 0.0
100.0 153.92 7259.42 499.6 -4275.6 3.0 0.0 317.96 10690.61 0.0 0.0
97.21 151.99 7255.13 500.0 -4295.6 3.0 0.0 315.96 10690.61 0.0 0.0
94.38 150.0 7250.86 499.55 -4315.6 3.0 0.0 313.96 10690.6 0.0 0.0
91.49 147.95 7246.61 499.95 -4335.6 3.0 0.0 311.96 10690.6 0.0 0.0
88.56 145.82 7242.39 500.35 -4355.6 3.0 0.0 309.96 10690.59 0.0 0.0
85.57 143.64 7238.2 499.9 -4375.6 3.0 0.0 307.96 10690.59 0.0 0.0
82.53 141.38 7234.03 500.3 -4395.6 3.0 0.0 305.96 10690.58 0.0 0.0
79.44 139.06 7229.89 499.85 -4415.6 3.0 0.0 303.96 10690.58 0.0 0.0
77.07 136.68 7224.7 500.25 -4435.6 3.0 0.0 303.54 10690.57 0.0 0.0
77.12 134.27 7201.12 499.8 -4455.6 3.0 0.0 306.81 10690.57 0.0 0.0
77.74 131.89 7155.18 500.2 -4475.6 3.0 0.0 310.07 10690.56 0.0 0.0
78.86 129.52 7089.45 499.75 -4495.6 3.0 0.0 313.33 10690.56 0.0 0.0
80.41 127.2 7006.19 500.15 -4515.6 3.0 0.0 316.59 10690.55 0.0 0.0
82.31 124.91 6907.39 499.7 -4535.6 3.0 0.0 319.84 10690.55 0.0 0.0
85.64 122.68 6796.67 500.1 -4555.6 3.0 0.0 320.75 10690.54 0.0 0.0
95.17 120.59 6683.68 499.65 -4575.6 3.0 0.0 320.75 10690.54 0.0 0.0
103.06 118.71 6578.65 500.05 -4595.6 3.0 0.0 316.9 10690.53 0.0 0.0
107.15 116.92 6571.21 499.6 -4615.6 3.0 0.0 311.07 10690.52 0.0 0.0
71.47 12.25 5156.91 499.53 -2661.4 2.0 1.0 330.39 8496.07 1.0 0.0
63.26 11.35 7431.84 499.75 -2721.4 2.0 1.0 330.39 9479.54 1.0 0.0
87.77 12.67 7788.87 499.75 -2741.4 2.0 1.0 330.39 9760.64 1.0 0.0
115.01 14.11 7779.61 499.69 -2761.4 2.0 1.0 330.39 9996.39 1.0 0.0
94.92 18.51 8916.35 499.77 -2941.4 2.0 1.0 323.04 10960.93 1.0 0.0
