5.29788525590916 -5.701808156332519 -7.332802214459803 -2.9511398210232267 -4.071605734037812 4.555844235014592 -6.779097707838639 -2.707510001821799 -4.565644923595128 10.239994710792448
5.33009845696337 -5.55422362643181 -6.293527446855216 -3.958706737958466 -2.836963747489916 4.981316249123918 -4.238363419294547 -3.4361844201643716 -5.022548283114718 9.839376353098686
6.964947214964792 -5.9962229497145865 -7.739976167281303 -4.906360369851667 -2.832747006051048 5.453198622330835 -3.8427175650203154 -2.6413753052694853 -3.273965524605034 10.489982152330711
5.810484192371852 -6.5451478245970005 -7.918892532370484 -1.9165541035165772 -3.5891884437930197 5.560416284995516 -7.041220229648497 -0.03990359576589553 -5.302619180534295 11.107253615987796
4.518982185721256 -5.032813218233685 -9.983827792273217 -4.009621563753062 -3.4936455779521665 4.74746277925038 -3.435074954038128 -2.4745146363647246 -4.073433177744954 9.157835945811625
6.18637616520768 -5.547251833984311 -8.486731987558327 -3.0430894788763383 -2.728191040455934 5.306968009163306 -3.526233162307836 -2.1087415527917557 -2.9254180881348293 10.176513725492315
5.445237718121968 -6.015905972946822 -7.809799011032966 -4.1976394819926615 -3.780825672705061 6.475137598916885 -5.81714374931862 -2.477094588260365 -2.7670468086282627 11.896159482031944
5.316138433128747 -6.831951202280822 -8.162308282075285 -4.783240963752048 -3.3366790254927143 5.324769161926201 -3.635456847123568 -4.823982249227468 -2.1837618227963844 8.859924652090612
5.539700147906599 -6.293960088720249 -8.883643042607545 -3.669244035012391 -5.297852758480277 6.338812277959633 -3.9955599146683776 -0.4335254146918177 -3.7427542617189173 9.762502119700557
6.9249312119499935 -4.8780681659345255 -7.590626272725858 -2.378645170880853 -3.6509680326710177 5.946303159242151 -4.705903841314292 -2.2047817980707904 -2.703601056001267 9.866606363693144
5.1160881011362305 -6.222926172795001 -8.241135498664876 -4.994189408544 -2.7332066730757365 4.111701001896575 -4.619310580789892 -3.8850768033748366 -3.9250561032745717 8.16573257644562
6.745383690647775 -5.119493278995109 -10.569093951160246 -3.8413739367048882 -3.8254752576590034 3.511870529264457 -4.374711021959845 -3.2008749057566526 -4.070253126608836 7.585989151915981
3.8335916239223415 -5.717842520526819 -7.979774532451307 -4.254104256189141 -1.8297948767622947 5.046776433167585 -5.108745580038611 -1.8328349709555694 -2.7952969859037653 10.174165820900049
4.85713969136768 -5.159965816517934 -8.380050713047552 -4.48837942666246 -3.4679446663092515 4.160647400960124 -4.776660208687713 -2.0651980415383457 -2.88324653675131 9.50721946021989
4.2682093244309165 -5.869560057820117 -9.556309621070696 -4.655457508349317 -2.690568387070538 4.168480182314044 -5.019130706356763 -3.6132564303170414 -4.050934552552858 9.383829210137446
4.642990605255718 -3.4730985685843345 -7.491096634513298 -3.2990861774363425 -4.390577220570248 5.371480863284292 -5.198657013695566 -2.913328554920615 -3.4918383531080566 10.203186565952135
6.039630919965569 -4.872339417613295 -8.632038821986265 -1.9916677351352852 -5.319724286412246 3.7331505725191114 -7.051950988397407 -0.8694129734042906 -6.102426657098819 8.948780947824597
5.879142027352869 -7.04388985823156 -7.94549080270936 -3.8232858978671653 -4.872796789799596 5.966280714644746 -5.461983099679572 -2.090648396493059 -2.1522547149907765 7.87277208410557
6.291354421880714 -5.532098673482333 -6.8787738399723 -3.3676973435244975 -2.3920241870540755 5.450075029109245 -4.5437965374449005 -1.4966855436075632 -5.300257791173114 10.78186668431239
7.064543651409147 -6.387426572111478 -7.804603886530629 -3.186552897586197 -2.9573527366723464 4.2847916486755 -4.384845300378634 -4.169346577652973 -2.883104642499979 10.565394219031525
4.2992833410456885 -6.2619071979606336 -7.385892552301239 -3.815006504136823 -3.938131738565695 5.3113594726648605 -6.060701759008615 -2.9428802356311397 -4.53241312809344 8.275456669610364
6.4546497173721615 -5.972357076178473 -7.861754707035302 -3.851056536089683 -2.878763321586751 5.785130863980301 -3.609620810769311 -1.890973423631988 -5.9971372472915565 10.198793320832362
5.4247431157390045 -5.215920602228748 -7.562528584955872 -3.700201815022657 -4.771043781682641 4.85787392381847 -4.482127008764795 -0.9905876310774606 -3.918992388346251 10.543227924624382
5.539708079598255 -5.4852518302209745 -8.187786508366305 -4.344255318902759 -2.497166842317877 4.82538495638844 -5.91675126032475 -2.8268931620627233 -2.8618840685774942 8.99363270887428
4.867141199660934 -4.421302093791377 -7.3933807603135175 -3.5518876078609782 -3.7750275336334793 4.9282343844432965 -6.790609262126979 -2.738042645769248 -5.628370474767262 8.630935544763801
4.395358866239787 -5.727456329926506 -7.426710850980511 -3.108542493218434 -1.7272815692824024 4.031729943250593 -6.23728780453496 -1.7087271268525344 -3.538541739351298 10.666573107206625
5.066104538235813 -6.45982081549988 -8.53007636687237 -2.405925208545704 -2.674866720648 5.443411816499274 -3.9139738631383274 -3.34039154761021 -3.836960068969256 8.898073196238894
4.815276419485949 -5.123041759192217 -8.06181737491295 -2.149562426155182 -2.4111615336583068 5.396559300575497 -5.558275895415401 0.3664581454778477 -4.921281452433664 9.531047823705077
5.962861853787915 -7.113031250297025 -7.961933826778513 -1.9154740513862945 -3.2467031753613345 4.788692932552746 -5.445158561447748 -2.951555332670183 -5.519388355626857 8.622552637304494
5.466048392622956 -4.961496929845396 -7.558996306643098 -3.805916786989188 -2.8355739978784356 3.8452449324820863 -5.019669611360781 -2.8516895236481847 -4.389133339527958 9.75723314009799
2.06178868482821 -3.5162362992153247 -8.719111139557873 -2.9508762653142764 -3.2431639130408243 4.598595962031655 -5.388674107514968 -4.795847551800847 -3.227031503408038 10.155738972742085
5.2830343392819685 -6.765711741944822 -6.0653862767618385 -4.561979043768439 -5.656134084362191 3.498617161113934 -4.593151243434305 -0.8536907216741538 -3.584309338580493 8.730929678854345
5.328821186488691 -5.587048625153386 -8.850012324201447 -3.377084772432312 -4.622478377627576 5.671581256935755 -4.691565800252703 -1.5782623898158843 -2.4231764828093443 9.855974795150596
4.556501561432816 -5.653934206473147 -8.469565722378178 -5.180800562697691 -3.44868462443024 3.8311743336456763 -5.19594369396234 -4.680173857203549 -3.739135185230896 10.00701400429838
6.095310293796488 -5.140687582108279 -7.808944512455311 -4.0828685463082 -2.455525871917331 6.304071416075056 -4.8478848926302085 -2.5687785940458965 -2.6836057228033523 12.560823036068125
6.24669811989168 -8.395861143008581 -8.331587195663612 -3.03479128326228 -4.095873602380531 4.2244971426225195 -4.497820092648982 -3.205719270484076 -4.504265692270026 9.056098811211616
5.903514028983762 -6.167744887408047 -9.398133012514478 -2.637709378823243 -4.903162496166695 4.8905878699141 -6.411111413444082 -2.7112683997968237 -3.4630938136308886 8.657420693102178
5.732397178608937 -4.680733492218919 -7.973392211858063 -4.44913143042054 -2.352849982319153 6.098880500081264 -5.497785435429912 -3.7410723226454516 -4.836711516245612 9.971727326018051
4.706082400166953 -4.622072471119232 -7.205935537785702 -3.519263354210113 -4.253012808918236 3.7646747626856962 -4.241778288392689 -2.0908831754859514 -2.834952306734432 9.245783678511673
5.393288686328473 -4.967296989270451 -8.941562645424408 -6.773518446465906 -3.9013490548098595 4.487084354703075 -5.38166232546784 -1.1817306737245623 -3.2167592349949845 9.913089536890633
6.860842495038694 -4.644794190937035 -9.425649037101433 -3.346140289244086 -4.370307970496847 2.4358999185450743 -5.6913321256729095 -3.2182055011829713 -2.968537884564348 9.779529395994402
5.572332975464489 -3.9454194177593553 -8.10963183360273 -4.8895101540249035 -4.0061757553203705 4.811472757054595 -4.450476285551055 -1.221488202312724 -4.31997573380165 10.760818257408367
6.320110467973442 -5.662953146434986 -8.585048674304165 -2.6538553140870436 -3.2660371620888764 6.883478550024494 -7.044162907988724 -3.60903227373639 -4.401819913173648 9.637247497881614
5.804548416216768 -5.633216302631305 -8.714278363153294 -3.8869761380923253 -3.5464811635985347 6.009478026570222 -3.74472331571887 -4.3647802398172475 -4.058252199039189 9.738040778465237
5.132279215617643 -4.450202365037578 -10.279578559374222 -3.3738697004076004 -5.2623900759800275 5.4823691332763325 -6.519946332100076 -3.1119620460397037 -2.0306554468060694 8.15547753379482
5.924435378595693 -5.614717650103983 -9.300271160656376 -3.235035143983551 -4.807531229752457 4.373712441340647 -6.4583011494962586 -1.8804613359363993 -2.9910543941046766 9.135638039933808
4.435519698392877 -2.472756638420284 -7.294534158607436 -3.766917852730833 -3.135854534069489 5.37126658417329 -7.625609762478777 -4.134880674047334 -5.47493133773973 9.322204186727701
5.622945505556432 -5.505016149879042 -9.091398912202077 -4.896743133754852 -2.7916207310693757 4.1926904143226205 -5.983944024139543 -2.597317207013506 -4.017947722293351 9.860162984912805
5.051983733373107 -4.797863454354171 -8.759976127273353 -3.9232242151605576 -1.4444833069579373 6.3121111359409685 -7.170179816826424 -3.8861937955233774 -5.713124078367222 9.96253759903404
7.550971746859675 -5.002371227353005 -8.161354797889205 -2.178506072254933 -2.50107616034067 5.63352275015893 -3.864942770871874 -3.1825990206512436 -2.467296763841397 10.6142556634042
4.454556521177018 -6.935871442876287 -6.852826346406793 -5.448913385330291 -3.1737857814685673 3.652222517415318 -5.9120016969681615 -1.718381110124027 -4.920132291523462 10.288888202617189
3.441957726199934 -4.694651415989881 -9.692422778898646 -3.2512509534285945 -2.7115512711174485 4.804725241785941 -4.578003195373251 -2.848763748541979 -3.9387652657066106 8.543470471226676
4.669535321351336 -6.315476500667546 -7.368715452601355 -3.91050922302562 -2.5496372694742218 6.173717724359562 -3.3528967740893867 -1.4916596948903715 -2.4262061530639354 10.452561426789936
5.674183555079234 -4.93521651225293 -7.115935939340215 -2.8439266166474337 -3.888710416507223 3.5794004872265393 -5.998837410767069 -3.6756958753105335 -4.145605052609591 9.419264830111418
4.826201609668106 -5.69628694515189 -8.551254073277647 -3.545001590901266 -4.188090373412351 4.788191114066221 -4.647937879121254 -1.6088917160834224 -3.2490210765550076 8.39530349647586
5.012512042076428 -6.055624262138916 -8.085469313449137 -4.871005446347435 -2.847428619468461 4.853406720566364 -3.806639139248981 -2.7681661145625474 -5.280811992955519 7.867463315073154
3.984732521599308 -4.896254904870266 -7.201737624080409 -3.1053912477755308 -2.0850810135328812 5.106574325741997 -4.553618926693541 -2.37715995182503 -3.648981697335014 10.732800209068301
5.944820934737603 -5.214332578023027 -7.135468740852993 -3.988189758939612 -2.9605825170667073 4.736860543846247 -6.182369683180547 -4.316523248960352 -4.140389189650483 9.703058547165659
6.620812834827346 -5.250878955976645 -7.804067470555378 -2.46451393550711 -4.303751877824281 5.36501749362465 -4.691533689660249 -2.529312107340944 -4.100034869232415 10.245176999656397
6.685291492607498 -5.144639040990908 -7.930797073955329 -2.460607245490062 -2.3899033750219862 4.619999197076327 -6.639559500506065 -1.7666962829113224 -2.604512261880384 9.512001453468015
6.251795410745315 -5.562815926181401 -10.145626958309752 -3.1472127701151833 -2.5904273129575173 3.490673804395735 -6.223918096344678 -3.0221358079470004 -3.592692132324523 12.120342469424218
5.87377390315378 -6.785556137558231 -7.1466539137380085 -3.4286476155571 -4.652057539106373 7.7665833490607525 -5.76936620597442 -2.0813641766178304 -4.085611586798398 8.319373656610143
5.3203179226816975 -4.3237575912812805 -7.568844813825423 -3.5444848204175385 -3.3387093370449157 3.6701462911367084 -6.018953152413278 -1.8647049908478643 -3.970767487679656 9.250618258724668
2.7186200631644466 -3.3455201973678346 -8.588185389594376 -3.9784215490191133 -1.190498042468683 3.8672578410538607 -4.633579179785787 -2.084428061352371 -3.860897372007023 11.039785331721884
6.25988135715898 -5.5443527466471725 -8.845320527940725 -5.875683849864024 -5.533821816443886 4.928180139034099 -3.7660727522476716 -3.2775458534727644 -3.5403810820661055 10.460527140802665
5.625945849568487 -5.776579130907416 -8.272926284238457 -3.5992414188353377 -3.1721569454864826 5.176285600620201 -5.54081746894446 -2.93830004553858 -4.327118649763115 9.593201218423054
4.2818338569452346 -7.415471584331323 -6.743271536489496 -4.310417161592441 -3.4297818798001836 5.619280576275936 -4.238125870891435 -2.568736795123535 -4.4608552594491435 9.43582966543952
4.496192499448518 -5.472571287714588 -7.974191584331014 -4.0972449915560265 -3.3153156614735595 4.256764608091937 -4.406542834869172 -1.3450684995906415 -5.700894081140633 10.021200753079334
7.303685091029912 -5.548140398033135 -8.590574514833893 -2.313710369071732 -2.9273102471591335 4.144782301996807 -5.523581969940879 -1.8361956245137456 -3.5539897953504176 10.639639506791985
3.8773530418525084 -5.520701156118747 -8.478945577882799 -5.144995280243822 -4.966852804819783 6.345115686568354 -5.595868247380613 -0.7667387043296303 -3.03977691150682 9.15522951208512
6.99998223826012 -5.088158660673538 -8.17546341247532 -3.1937109461923128 -2.8067010849708094 5.464198372427569 -5.277772579424707 -2.904028286564779 -4.4673006137662705 9.616783304935087
6.0521750383961175 -5.360934357393953 -5.881311228326055 -4.712204417678758 -4.828766411658185 6.914669583696504 -5.928238654487553 -2.8592911913558208 -3.1018857027934468 9.490386539051967
6.7162327940330355 -5.849329874638746 -7.606628625580892 -3.0314143668681783 -2.380055738223381 3.201042676857913 -5.8200384389736675 -2.569038153019389 -3.2975936134902817 9.729387626806306
5.2986715407434595 -5.916144951565224 -7.3207450662325035 -3.0762061932891935 -4.112550151796459 6.198235245052279 -3.771661943561311 -3.821430763225293 -4.418831625304268 11.063559572026193
4.746776066577784 -4.103608135966819 -9.470646906552865 -4.271292465666822 -3.544281534881304 5.481184784422223 -5.765490120134897 -2.9106601199228073 -2.712830093749778 7.991866075481729
6.956857041181532 -5.163213859173853 -10.380133154679047 -1.7824894505062665 -3.133127358091006 4.58640015158723 -6.174574172418117 -1.5861661400088873 -3.6061924892418826 10.948376244041139
5.245388518232376 -5.632887247873266 -7.367356408875037 -3.71497701995715 -4.669793501359132 5.28560533742507 -6.933308393508054 -3.149697545935915 -5.038565496607544 8.063145133719864
7.056964362027642 -5.006766285812899 -8.6948802452691 -3.1764436237934417 -2.330405676414406 4.79908901306102 -4.427381295690218 -2.963076931910284 -3.761123639760368 9.432603169084976
6.129343520324981 -5.527549538769769 -7.757971490963726 -2.075425280150125 -3.795195569253573 5.626727977541415 -5.848578932954512 -3.6230853835453054 -2.1735557249769997 11.759211012480762
3.8950906546051614 -5.259181444895614 -9.549958832526745 -4.735132955019742 -2.1993302462038447 6.339340285986534 -5.27497953916706 -2.6794956142656083 -3.046157262431154 8.877043639751074
5.290154331507421 -7.6449097663760215 -7.852521286585535 -2.907065076734258 -4.000842754149322 6.423479296150253 -4.213885762091028 -2.934839960257527 -5.882535364914981 8.125808910643434
6.317240619656194 -3.950538837390552 -6.6921749626158755 -4.3159942413726 -3.3691855904534966 4.901045272929507 -4.47379207684038 -3.456357504383228 -2.985547056964514 9.68268253924088
6.459247995951625 -5.630756108911092 -9.825395062397579 -3.1850752356083634 -5.9146328092718 4.524698012702116 -4.741793103937258 -2.4250111040924147 -4.167915971614702 9.58659419869203
5.5879666029005275 -5.775581006982497 -6.7822987068036085 -2.2303302759671917 -3.2910171042432004 4.507449950165564 -3.2469843945605046 -0.8048480039334676 -3.75028951152889 10.632977986710001
4.844282098986509 -5.797169362424424 -8.974448603964245 -3.519573702867425 -2.9996791149981528 4.037871205453915 -5.454769795389172 -1.9075370532974536 -3.6619090898883675 9.934214664819898
4.064578114255504 -5.926631111334064 -8.425681503970651 -2.3049920383471987 -2.645463189511233 5.313930545546864 -3.814659041493927 -4.158418268910342 -4.436992348475787 9.755310779835307
4.4976067544293565 -7.763330667084697 -8.071792936910422 -3.0981758192028486 -3.4916497788445784 3.859446915433903 -6.2494415404205235 -2.9738347305399775 -2.138891868164738 8.950907870616238
6.784069690833085 -6.556816386564195 -8.886607045403368 -3.2198745723507405 -4.537207019064662 3.96990054928895 -5.2489194255373555 -3.0391660257855078 -3.344395064804445 10.872263675581955
8.370772678096658 -4.449524432892405 -8.045186877018345 -3.0892517441890712 -3.0321789569196254 4.586468665428347 -5.595701312568144 -2.930660673480648 -3.6519781928025137 10.691203103441056
5.139790381632249 -4.256378290051558 -8.761663556057304 -2.5598056385910146 -3.9766075490943056 5.954340189547837 -5.895342370781444 -2.808805445390832 -3.33767715162387 8.131041127218845
3.7127583555900436 -5.557572299673946 -8.886043682271437 -3.680280713250133 -4.710444776070898 6.916046840207673 -5.703011853944577 -3.61673119184619 -3.590138291923991 9.097794984882384
5.172073920356769 -7.569311268118953 -7.681049050855501 -2.0283094834618787 -4.0910398641607015 6.362730437596447 -5.760230849458889 -1.4734978376937027 -2.041719125875825 8.647220406624324
5.726108379870491 -7.139563179604437 -7.651274074683694 -5.921965466937468 -3.6079783022473926 5.543061630641017 -3.899799545831985 -3.068747703137695 -4.719309603280612 9.204764759222027
6.569745085509776 -4.531574862818076 -9.314101784086127 -2.7585588711939106 -4.12526921294732 5.69202500900314 -6.461326470200159 -2.056277794626714 -3.77292568592813 11.283604588254331
5.845435311732228 -3.965923829257176 -8.528006450577756 -1.9545869196573868 -2.6256497056826857 5.476607497857676 -4.918399191587797 -2.552651550734363 -2.3733539054531385 10.781418887355445
4.764497203744511 -5.821514184844478 -9.185143583608454 -6.015078286633715 -4.713842680588999 5.889977191293819 -5.3659774253722645 -1.6107024627680055 -6.5576260961248565 12.485918424519909
4.925379894999759 -5.382666604514833 -8.3541675097791 -3.1858671994550205 -3.358124468852894 5.165043821540519 -5.524401884502524 -4.368378329878022 -2.705728397922207 8.392891410869591
6.819305138356723 -6.937268873721726 -8.78702459446296 -1.9928775904231892 -2.3764886181939002 5.794162149477367 -4.954747645824836 -1.2620731533063454 -3.9017271496112116 10.529014673172771
4.475114547778064 -6.068584258793652 -7.886588714560045 -4.359830993082527 -3.904231061246966 3.4673608653377084 -2.6716783164168847 -3.165013822118897 -5.264540060649368 9.439752323776105
7.30200123634328 -5.90396220453809 -8.583702581702479 -3.383699508485947 -5.1507203352558655 3.433960161419157 -4.60736616240927 -1.4299419427418334 -4.769632720431133 10.068832297458535
