123.06 111.97 -0.15 475.92 -2051.7 3.0 0.0 500.01 14999.9 0.0 0.0
120.34 110.13 -0.15 489.92 -2071.7 3.0 0.0 500.34 14999.9 0.0 0.0
115.6 106.27 -0.16 499.67 -2091.7 3.0 0.0 499.54 14999.89 0.0 0.0
110.54 102.08 -0.16 500.07 -2111.7 3.0 0.0 499.92 14999.88 0.0 0.0
105.43 97.84 -0.17 499.62 -2131.7 3.0 0.0 500.25 14999.88 0.0 0.0
100.32 93.6 -0.18 500.02 -2151.7 3.0 0.0 500.58 14999.87 0.0 0.0
95.21 89.34 -0.18 499.57 -2171.7 3.0 0.0 499.83 14999.87 0.0 0.0
90.1 85.07 -0.19 499.97 -2191.7 3.0 0.0 500.16 14999.86 0.0 0.0
84.99 80.78 -0.19 499.52 -2211.7 3.0 0.0 500.49 14999.86 0.0 0.0
79.88 76.48 -0.2 499.92 -2231.7 3.0 0.0 499.74 14999.85 0.0 0.0
52.08 60.46 -1069.85 451.03 -2631.7 2.0 0.0 499.86 13930.2 1.0 0.0
56.34 65.29 -1334.18 444.27 -2651.7 2.0 0.0 500.19 13665.87 1.0 0.0
60.46 69.99 -1614.44 436.82 -2671.7 2.0 0.0 500.52 13385.61 1.0 0.0
64.46 74.57 -1907.37 429.87 -2691.7 2.0 0.0 499.77 13092.68 1.0 0.0
68.36 79.03 -2210.72 423.68 -2711.7 2.0 0.0 500.1 12789.33 1.0 0.0
72.16 83.39 -2522.58 418.14 -2731.7 2.0 0.0 500.43 12477.47 1.0 0.0
75.88 87.65 -2841.23 413.17 -2751.7 2.0 0.0 499.63 12158.82 1.0 0.0
79.53 91.84 -3165.17 408.7 -2771.7 2.0 0.0 500.01 11834.88 1.0 0.0
83.12 95.95 -3493.05 404.65 -2791.7 2.0 0.0 500.34 11507.0 1.0 0.0
86.66 100.0 -3823.62 400.97 -2811.7 2.0 0.0 499.54 11176.43 1.0 0.0
129.4 144.6 -2368.77 423.67 -3195.4 3.0 0.0 499.79 12631.28 0.0 0.0
129.11 144.66 -2368.77 423.67 -3215.4 3.0 0.0 500.12 12631.28 0.0 0.0
128.82 144.72 -2368.77 423.67 -3235.4 3.0 0.0 500.45 12631.28 0.0 0.0
128.52 144.77 -2368.77 423.67 -3255.4 3.0 0.0 499.65 12631.28 0.0 0.0
128.23 144.83 -2368.77 423.67 -3275.4 3.0 0.0 500.03 12631.28 0.0 0.0
127.94 144.88 -2368.77 423.67 -3295.4 3.0 0.0 500.36 12631.28 0.0 0.0
127.64 144.93 -2368.77 423.67 -3315.4 3.0 0.0 499.56 12631.28 0.0 0.0
127.35 144.98 -2368.77 423.67 -3335.4 3.0 0.0 499.93 12631.28 0.0 0.0
127.06 145.02 -2368.77 423.67 -3355.4 3.0 0.0 500.26 12631.28 0.0 0.0
126.76 145.07 -2368.77 423.67 -3375.4 3.0 0.0 500.59 12631.28 0.0 0.0
126.47 145.11 -2368.77 423.67 -3395.4 3.0 0.0 499.84 12631.28 0.0 0.0
126.18 145.15 -2368.77 423.67 -3415.4 3.0 0.0 500.17 12631.28 0.0 0.0
125.89 145.19 -2368.77 423.67 -3435.4 3.0 0.0 500.5 12631.28 0.0 0.0
125.59 145.22 -2368.77 423.67 -3455.4 3.0 0.0 499.75 12631.28 0.0 0.0
125.3 145.26 -2368.77 423.67 -3475.4 3.0 0.0 500.08 12631.28 0.0 0.0
125.01 145.29 -2368.77 423.67 -3495.4 3.0 0.0 500.41 12631.28 0.0 0.0
124.71 145.32 -2368.77 423.67 -3515.4 3.0 0.0 499.61 12631.28 0.0 0.0
124.42 145.35 -2368.77 423.67 -3535.4 3.0 0.0 499.99 12631.28 0.0 0.0
124.13 145.38 -2368.77 423.67 -3555.4 3.0 0.0 500.31 12631.28 0.0 0.0
123.83 145.41 -2368.77 423.67 -3575.4 3.0 0.0 499.51 12631.28 0.0 0.0
123.54 145.44 -2368.77 423.67 -3595.4 3.0 0.0 499.89 12631.28 0.0 0.0
123.25 145.46 -2368.77 423.67 -3615.4 3.0 0.0 500.22 12631.28 0.0 0.0
122.95 145.48 -2368.77 423.67 -3635.4 3.0 0.0 500.55 12631.28 0.0 0.0
122.66 145.51 -2368.77 423.67 -3655.4 3.0 0.0 499.8 12631.28 0.0 0.0
122.37 145.53 -2368.77 423.67 -3675.4 3.0 0.0 500.13 12631.28 0.0 0.0
122.08 145.54 -2368.77 423.67 -3695.4 3.0 0.0 500.46 12631.28 0.0 0.0
121.72 145.5 -2375.87 422.73 -3715.4 3.0 0.0 499.66 12624.18 0.0 0.0
121.29 145.38 -2471.02 416.03 -3735.4 3.0 0.0 500.03 12529.03 0.0 0.0
120.88 145.28 -2657.06 409.02 -3755.4 3.0 0.0 500.36 12342.99 0.0 0.0
120.49 145.18 -2912.81 403.24 -3775.4 3.0 0.0 499.56 12087.24 0.0 0.0
120.12 145.1 -3222.25 399.16 -3795.4 3.0 0.0 499.94 11777.8 0.0 0.0
119.75 145.03 -3573.23 396.36 -3815.4 3.0 0.0 500.27 11426.82 0.0 0.0
102.93 64.85 -2550.32 499.84 -2294.9 3.0 1.0 499.8 10323.6 1.0 0.0
98.08 61.68 -2389.02 500.24 -2314.9 3.0 1.0 500.2 10323.6 1.0 0.0
93.31 58.45 -2228.73 499.79 -2334.9 3.0 1.0 499.75 10323.59 1.0 0.0
88.47 55.15 -2069.45 500.19 -2354.9 3.0 1.0 500.15 10323.59 1.0 0.0
83.63 51.79 -1911.16 499.74 -2374.9 3.0 1.0 499.7 10323.58 1.0 0.0
78.86 48.35 -1753.84 500.14 -2394.9 3.0 1.0 500.1 10323.58 1.0 0.0
73.97 44.85 -1597.49 499.69 -2414.9 3.0 0.0 499.35 10323.57 0.0 0.0
72.23 41.3 -1442.51 500.09 -2434.9 3.0 0.0 497.35 10323.57 0.0 0.0
72.06 37.74 -1289.1 499.64 -2454.9 3.0 0.0 495.35 10323.56 0.0 0.0
72.13 34.17 -1137.23 500.04 -2474.9 3.0 0.0 493.35 10323.55 0.0 0.0
72.25 30.6 -986.89 499.59 -2494.9 3.0 0.0 491.35 10323.55 0.0 0.0
72.38 27.03 -838.07 499.99 -2514.9 3.0 0.0 489.35 10323.54 0.0 0.0
72.54 23.44 -690.75 499.54 -2534.9 3.0 0.0 487.35 10323.54 0.0 0.0
72.71 19.84 -544.92 499.94 -2554.9 3.0 0.0 485.35 10323.53 0.0 0.0
30.23 7.94 -2247.37 488.42 -1929.5 4.0 0.0 499.92 12752.68 1.0 0.0
34.33 2.71 -2249.73 498.42 -1949.5 4.0 0.0 500.25 12750.32 1.0 0.0
38.37 2.51 -2252.12 500.17 -1969.5 4.0 0.0 500.58 12747.93 0.0 0.0
42.41 7.79 -2254.51 499.67 -1989.5 4.0 0.0 499.83 12745.53 0.0 0.0
46.44 13.11 -2256.91 499.92 -2009.5 4.0 0.0 500.16 12743.14 0.0 0.0
50.48 18.49 -2259.3 500.17 -2029.5 4.0 0.0 500.49 12740.75 0.0 0.0
54.51 23.91 -2261.69 499.67 -2049.5 4.0 0.0 499.74 12738.36 0.0 0.0
58.55 29.38 -2264.08 499.92 -2069.5 4.0 0.0 500.07 12735.97 0.0 0.0
62.58 34.89 -2266.47 500.17 -2089.5 4.0 0.0 500.4 12733.58 0.0 0.0
66.62 40.44 -2268.86 499.67 -2109.5 4.0 0.0 499.6 12731.18 0.0 0.0
70.65 46.03 -2271.25 499.92 -2129.5 4.0 0.0 499.98 12728.79 0.0 0.0
74.69 51.63 -2273.64 500.17 -2149.5 4.0 0.0 500.31 12726.4 0.0 0.0
78.73 57.27 -2276.04 499.67 -2169.5 4.0 0.0 499.51 12724.01 0.0 0.0
82.76 62.91 -2278.43 499.92 -2189.5 4.0 0.0 499.89 12721.62 0.0 0.0
86.8 68.56 -2280.81 500.17 -2209.5 4.0 0.0 500.23 12719.23 0.0 0.0
90.83 74.22 -2283.2 499.67 -2229.5 4.0 0.0 500.56 12716.84 0.0 0.0
94.87 79.86 -2285.59 499.92 -2249.5 4.0 0.0 499.81 12714.45 0.0 0.0
98.9 85.5 -2287.98 500.17 -2269.5 4.0 0.0 500.14 12712.07 0.0 0.0
102.48 90.65 -2290.14 500.17 -2289.5 4.0 0.0 500.47 12709.91 0.0 0.0
100.83 90.55 -2290.07 500.24 -2309.5 4.0 0.0 499.67 12709.98 0.0 0.0
96.24 87.48 -2290.07 499.79 -2329.5 4.0 0.0 500.05 12709.97 0.0 0.0
90.76 83.5 -2290.08 500.19 -2349.5 4.0 0.0 500.38 12709.97 0.0 0.0
85.17 79.39 -2290.08 499.74 -2369.5 4.0 0.0 499.58 12709.96 0.0 0.0
79.58 75.23 -2290.09 500.14 -2389.5 4.0 0.0 499.96 12709.96 0.0 0.0
73.98 71.04 -2290.09 499.69 -2409.5 4.0 0.0 500.29 12709.95 0.0 0.0
68.38 66.82 -2290.1 500.09 -2429.5 4.0 0.0 500.62 12709.95 0.0 0.0
62.78 62.56 -2290.11 499.64 -2449.5 4.0 0.0 499.87 12709.94 0.0 0.0
57.19 58.26 -2290.11 500.04 -2469.5 4.0 0.0 500.2 12709.94 0.0 0.0
51.59 53.93 -2290.12 499.59 -2489.5 4.0 0.0 500.53 12709.93 0.0 0.0
45.99 49.55 -2290.12 499.99 -2509.5 4.0 0.0 499.78 12709.93 0.0 0.0
40.39 45.13 -2290.13 499.54 -2529.5 4.0 0.0 500.11 12709.92 0.0 0.0
34.8 40.66 -2290.13 499.94 -2549.5 4.0 0.0 500.44 12709.92 0.0 0.0
29.2 36.14 -2290.14 500.34 -2569.5 4.0 0.0 499.64 12709.91 0.0 0.0
10.82 21.59 -2292.69 497.7 -2649.5 3.0 0.0 499.93 12707.35 1.0 0.0
16.26 27.94 -2334.22 490.86 -2669.5 3.0 0.0 500.26 12665.82 1.0 0.0
21.35 33.98 -2422.24 484.03 -2689.5 3.0 0.0 500.59 12577.81 1.0 0.0
26.14 39.76 -2551.58 477.22 -2709.5 3.0 0.0 499.84 12448.47 1.0 0.0
30.68 45.3 -2717.19 470.42 -2729.5 3.0 0.0 500.17 12282.86 1.0 0.0
34.98 50.63 -2914.26 463.63 -2749.5 3.0 0.0 500.5 12085.79 1.0 0.0
39.08 55.76 -3138.31 456.86 -2769.5 3.0 0.0 499.75 11861.74 1.0 0.0
42.99 60.72 -3385.22 450.1 -2789.5 3.0 0.0 500.08 11614.83 1.0 0.0
46.75 65.51 -3651.26 443.35 -2809.5 3.0 0.0 500.41 11348.79 1.0 0.0
30.47 14.12 -2621.04 500.24 -1946.1 4.0 0.0 500.31 12379.01 1.0 0.0
34.76 8.97 -2623.19 499.74 -1966.1 4.0 0.0 499.51 12376.86 1.0 0.0
39.04 3.75 -2625.35 499.99 -1986.1 4.0 0.0 499.89 12374.7 1.0 0.0
43.33 1.52 -2627.5 500.24 -2006.1 4.0 0.0 500.22 12372.55 0.0 0.0
47.61 6.84 -2629.66 499.74 -2026.1 4.0 0.0 500.55 12370.39 0.0 0.0
51.9 12.23 -2631.81 499.99 -2046.1 4.0 0.0 499.8 12368.23 0.0 0.0
56.18 17.66 -2633.97 500.24 -2066.1 4.0 0.0 500.13 12366.08 0.0 0.0
60.47 23.15 -2636.13 499.74 -2086.1 4.0 0.0 500.46 12363.92 0.0 0.0
64.75 28.7 -2638.28 499.99 -2106.1 4.0 0.0 499.66 12361.77 0.0 0.0
69.04 34.29 -2640.44 500.24 -2126.1 4.0 0.0 500.04 12359.61 0.0 0.0
73.32 39.92 -2642.59 499.74 -2146.1 4.0 0.0 500.38 12357.46 0.0 0.0
77.61 45.59 -2644.74 499.99 -2166.1 4.0 0.0 499.58 12355.3 0.0 0.0
81.89 51.29 -2646.9 500.24 -2186.1 4.0 0.0 499.96 12353.15 0.0 0.0
86.18 57.02 -2649.05 499.74 -2206.1 4.0 0.0 500.29 12351.0 0.0 0.0
90.46 62.77 -2651.21 499.99 -2226.1 4.0 0.0 500.62 12348.84 0.0 0.0
94.75 68.53 -2653.36 500.24 -2246.1 4.0 0.0 499.87 12346.69 0.0 0.0
99.03 74.29 -2655.51 499.74 -2266.1 4.0 0.0 500.2 12344.54 0.0 0.0
103.31 80.05 -2657.67 499.99 -2286.1 4.0 0.0 500.53 12342.38 0.0 0.0
107.6 85.8 -2659.82 500.24 -2306.1 4.0 0.0 499.78 12340.23 0.0 0.0
111.54 91.18 -2661.82 500.24 -2326.1 4.0 0.0 500.11 12338.23 0.0 0.0
110.21 91.27 -2661.75 500.22 -2346.1 4.0 0.0 500.44 12338.3 0.0 0.0
105.92 88.36 -2661.75 499.77 -2366.1 4.0 0.0 499.64 12338.3 0.0 0.0
100.69 84.5 -2661.76 500.17 -2386.1 4.0 0.0 500.02 12338.29 0.0 0.0
95.36 80.51 -2661.76 499.72 -2406.1 4.0 0.0 500.35 12338.29 0.0 0.0
90.01 76.47 -2661.77 500.12 -2426.1 4.0 0.0 499.55 12338.28 0.0 0.0
84.66 72.4 -2661.77 499.67 -2446.1 4.0 0.0 499.93 12338.28 0.0 0.0
79.31 68.3 -2661.78 500.07 -2466.1 4.0 0.0 500.26 12338.27 0.0 0.0
73.97 64.16 -2661.78 499.62 -2486.1 4.0 0.0 500.59 12338.26 0.0 0.0
68.62 59.99 -2661.79 500.02 -2506.1 4.0 0.0 499.84 12338.26 0.0 0.0
63.27 55.78 -2661.79 499.57 -2526.1 4.0 0.0 500.17 12338.25 0.0 0.0
57.92 51.53 -2661.8 499.97 -2546.1 4.0 0.0 500.5 12338.25 0.0 0.0
52.57 47.24 -2661.8 499.52 -2566.1 4.0 0.0 499.75 12338.24 0.0 0.0
47.23 42.9 -2661.81 499.92 -2586.1 4.0 0.0 500.08 12338.24 0.0 0.0
41.88 38.52 -2661.82 500.32 -2606.1 4.0 0.0 500.41 12338.23 0.0 0.0
36.53 34.09 -2661.82 499.87 -2626.1 4.0 0.0 499.61 12338.23 0.0 0.0
31.18 29.61 -2661.83 500.27 -2646.1 4.0 0.0 499.99 12338.22 0.0 0.0
25.83 25.08 -2661.83 499.82 -2666.1 4.0 0.0 500.32 12338.22 0.0 0.0
20.48 20.5 -2661.84 500.22 -2686.1 4.0 0.0 499.52 12338.21 0.0 0.0
20.27 21.01 -2666.29 496.86 -2706.1 3.0 0.0 499.9 12333.76 1.0 0.0
25.92 27.42 -2712.7 490.06 -2726.1 3.0 0.0 500.23 12287.35 1.0 0.0
31.23 33.54 -2805.08 483.27 -2746.1 3.0 0.0 500.56 12194.97 1.0 0.0
36.24 39.4 -2938.28 476.49 -2766.1 3.0 0.0 499.81 12061.77 1.0 0.0
41.0 45.02 -3107.26 469.72 -2786.1 3.0 0.0 500.14 11892.79 1.0 0.0
45.53 50.44 -3307.24 462.97 -2806.1 3.0 0.0 500.47 11692.81 1.0 0.0
49.86 55.66 -3533.77 456.22 -2826.1 3.0 0.0 499.67 11466.28 1.0 0.0
54.01 60.71 -3782.78 449.48 -2846.1 3.0 0.0 500.05 11217.27 1.0 0.0
118.0 110.11 -629.67 472.25 -2087.2 4.0 0.0 500.5 14370.38 0.0 0.0
115.83 108.79 -629.6 485.58 -2107.2 4.0 0.0 499.75 14370.45 0.0 0.0
111.22 105.04 -629.6 499.58 -2127.2 4.0 0.0 500.08 14370.45 0.0 0.0
106.17 100.86 -629.61 499.98 -2147.2 4.0 0.0 500.41 14370.44 0.0 0.0
101.06 96.61 -629.61 499.53 -2167.2 4.0 0.0 499.61 14370.43 0.0 0.0
95.95 92.35 -629.62 499.93 -2187.2 4.0 0.0 499.99 14370.43 0.0 0.0
90.84 88.08 -629.63 500.33 -2207.2 4.0 0.0 500.32 14370.42 0.0 0.0
85.73 83.8 -629.63 499.88 -2227.2 4.0 0.0 499.52 14370.42 0.0 0.0
80.62 79.5 -629.64 500.28 -2247.2 4.0 0.0 499.9 14370.41 0.0 0.0
76.35 86.97 -2081.03 441.22 -2607.2 3.0 0.0 500.45 12919.01 1.0 0.0
80.42 91.63 -2366.99 433.79 -2627.2 3.0 0.0 499.65 12633.05 1.0 0.0
84.38 96.16 -2664.62 427.18 -2647.2 3.0 0.0 500.03 12335.43 1.0 0.0
88.24 100.57 -2971.82 421.27 -2667.2 3.0 0.0 500.36 12028.23 1.0 0.0
92.0 104.87 -3286.77 415.99 -2687.2 3.0 0.0 499.56 11713.28 1.0 0.0
29.09 9.98 -2515.26 496.76 -1896.0 4.0 0.0 500.09 12484.79 1.0 0.0
33.13 4.82 -2517.69 500.01 -1916.0 4.0 0.0 500.42 12482.36 1.0 0.0
37.17 0.39 -2520.13 499.51 -1936.0 4.0 0.0 499.62 12479.91 1.0 0.0
41.2 5.65 -2522.57 499.76 -1956.0 4.0 0.0 500.0 12477.47 0.0 0.0
45.24 10.97 -2525.01 500.01 -1976.0 4.0 0.0 500.33 12475.04 0.0 0.0
49.28 16.33 -2527.45 499.51 -1996.0 4.0 0.0 499.53 12472.6 0.0 0.0
53.31 21.75 -2529.89 499.76 -2016.0 4.0 0.0 499.91 12470.16 0.0 0.0
57.35 27.21 -2532.33 500.01 -2036.0 4.0 0.0 500.25 12467.72 0.0 0.0
61.39 32.71 -2534.77 499.51 -2056.0 4.0 0.0 500.58 12465.28 0.0 0.0
65.42 38.26 -2537.21 499.76 -2076.0 4.0 0.0 499.83 12462.84 0.0 0.0
69.46 43.84 -2539.65 500.01 -2096.0 4.0 0.0 500.16 12460.4 0.0 0.0
73.49 49.45 -2542.08 499.51 -2116.0 4.0 0.0 500.49 12457.96 0.0 0.0
77.53 55.08 -2544.52 499.76 -2136.0 4.0 0.0 499.74 12455.53 0.0 0.0
81.57 60.74 -2546.96 500.01 -2156.0 4.0 0.0 500.07 12453.09 0.0 0.0
85.6 66.4 -2549.4 499.51 -2176.0 4.0 0.0 500.4 12450.65 0.0 0.0
89.64 72.06 -2551.83 499.76 -2196.0 4.0 0.0 499.6 12448.21 0.0 0.0
93.68 77.73 -2554.27 500.01 -2216.0 4.0 0.0 499.98 12445.78 0.0 0.0
97.71 83.38 -2556.71 499.51 -2236.0 4.0 0.0 500.31 12443.34 0.0 0.0
101.75 89.01 -2559.15 499.76 -2256.0 4.0 0.0 499.51 12440.9 0.0 0.0
102.03 90.85 -2559.69 500.29 -2276.0 4.0 0.0 499.89 12440.36 0.0 0.0
98.26 88.63 -2559.69 499.84 -2296.0 4.0 0.0 500.22 12440.36 0.0 0.0
92.92 84.81 -2559.7 500.24 -2316.0 4.0 0.0 500.55 12440.35 0.0 0.0
87.35 80.73 -2559.7 499.79 -2336.0 4.0 0.0 499.8 12440.34 0.0 0.0
81.76 76.6 -2559.71 500.19 -2356.0 4.0 0.0 500.13 12440.34 0.0 0.0
76.16 72.43 -2559.71 499.74 -2376.0 4.0 0.0 500.46 12440.33 0.0 0.0
70.56 68.22 -2559.72 500.14 -2396.0 4.0 0.0 499.66 12440.33 0.0 0.0
64.96 63.98 -2559.72 499.69 -2416.0 4.0 0.0 500.04 12440.32 0.0 0.0
59.36 59.71 -2559.73 500.09 -2436.0 4.0 0.0 500.37 12440.32 0.0 0.0
53.77 55.39 -2559.74 499.64 -2456.0 4.0 0.0 499.57 12440.31 0.0 0.0
48.17 51.03 -2559.74 500.04 -2476.0 4.0 0.0 499.95 12440.31 0.0 0.0
42.57 46.63 -2559.75 499.59 -2496.0 4.0 0.0 500.28 12440.3 0.0 0.0
36.97 42.18 -2559.75 499.99 -2516.0 4.0 0.0 500.61 12440.3 0.0 0.0
31.37 37.69 -2559.76 499.54 -2536.0 4.0 0.0 499.86 12440.29 0.0 0.0
14.61 25.73 -2583.76 493.14 -2636.0 3.0 0.0 500.43 12416.29 1.0 0.0
19.81 31.88 -2656.09 486.34 -2656.0 3.0 0.0 499.63 12343.96 1.0 0.0
24.7 37.75 -2771.55 479.56 -2676.0 3.0 0.0 500.01 12228.5 1.0 0.0
29.32 43.37 -2925.04 472.79 -2696.0 3.0 0.0 500.34 12075.01 1.0 0.0
33.7 48.77 -3111.64 466.03 -2716.0 3.0 0.0 499.54 11888.41 1.0 0.0
37.86 53.97 -3326.76 459.27 -2736.0 3.0 0.0 499.92 11673.29 1.0 0.0
41.84 58.99 -3566.13 452.53 -2756.0 3.0 0.0 500.25 11433.91 1.0 0.0
45.65 63.85 -3825.91 445.8 -2776.0 3.0 0.0 500.58 11174.14 1.0 0.0
34.52 2.81 -1702.37 499.63 -2029.3 4.0 0.0 499.53 13297.68 0.0 0.0
39.04 8.17 -1703.96 499.88 -2049.3 4.0 0.0 499.91 13296.08 0.0 0.0
43.57 13.61 -1705.56 500.13 -2069.3 4.0 0.0 500.25 13294.49 0.0 0.0
48.09 19.12 -1707.15 499.63 -2089.3 4.0 0.0 500.58 13292.9 0.0 0.0
52.62 24.69 -1708.74 499.88 -2109.3 4.0 0.0 499.83 13291.31 0.0 0.0
57.14 30.33 -1710.34 500.13 -2129.3 4.0 0.0 500.16 13289.71 0.0 0.0
61.66 36.03 -1711.93 499.63 -2149.3 4.0 0.0 500.49 13288.12 0.0 0.0
66.19 41.78 -1713.52 499.88 -2169.3 4.0 0.0 499.74 13286.53 0.0 0.0
70.71 47.58 -1715.11 500.13 -2189.3 4.0 0.0 500.07 13284.94 0.0 0.0
75.24 53.42 -1716.7 499.63 -2209.3 4.0 0.0 500.4 13283.34 0.0 0.0
79.76 59.29 -1718.3 499.88 -2229.3 4.0 0.0 499.6 13281.75 0.0 0.0
84.28 65.18 -1719.89 500.13 -2249.3 4.0 0.0 499.98 13280.16 0.0 0.0
88.81 71.07 -1721.48 499.63 -2269.3 4.0 0.0 500.31 13278.57 0.0 0.0
93.33 76.97 -1723.07 499.88 -2289.3 4.0 0.0 499.51 13276.98 0.0 0.0
97.86 82.85 -1724.66 500.13 -2309.3 4.0 0.0 499.89 13275.39 0.0 0.0
102.38 88.71 -1726.25 499.63 -2329.3 4.0 0.0 500.22 13273.79 0.0 0.0
103.3 90.94 -1726.63 500.06 -2349.3 4.0 0.0 500.55 13273.42 0.0 0.0
100.09 89.0 -1726.63 499.61 -2369.3 4.0 0.0 499.8 13273.42 0.0 0.0
95.26 85.41 -1726.64 500.01 -2389.3 4.0 0.0 500.13 13273.41 0.0 0.0
90.18 81.54 -1726.64 499.56 -2409.3 4.0 0.0 500.46 13273.41 0.0 0.0
85.07 77.61 -1726.65 499.96 -2429.3 4.0 0.0 499.66 13273.4 0.0 0.0
79.96 73.64 -1726.65 499.51 -2449.3 4.0 0.0 500.04 13273.4 0.0 0.0
74.85 69.63 -1726.66 499.91 -2469.3 4.0 0.0 500.37 13273.39 0.0 0.0
69.74 65.58 -1726.66 500.31 -2489.3 4.0 0.0 499.57 13273.39 0.0 0.0
64.63 61.49 -1726.67 499.86 -2509.3 4.0 0.0 499.95 13273.38 0.0 0.0
59.52 57.35 -1726.67 500.26 -2529.3 4.0 0.0 500.28 13273.38 0.0 0.0
54.41 53.17 -1726.68 499.81 -2549.3 4.0 0.0 500.62 13273.37 0.0 0.0
49.3 48.94 -1726.68 500.21 -2569.3 4.0 0.0 499.86 13273.37 0.0 0.0
44.19 44.66 -1726.69 499.76 -2589.3 4.0 0.0 500.19 13273.36 0.0 0.0
39.08 40.33 -1726.69 500.16 -2609.3 4.0 0.0 500.53 13273.36 0.0 0.0
33.97 35.95 -1726.7 499.71 -2629.3 4.0 0.0 499.77 13273.35 0.0 0.0
28.86 31.51 -1726.7 500.11 -2649.3 4.0 0.0 500.1 13273.34 0.0 0.0
23.75 27.01 -1726.71 499.66 -2669.3 4.0 0.0 500.44 13273.34 0.0 0.0
18.64 22.45 -1726.71 500.06 -2689.3 4.0 0.0 499.63 13273.33 0.0 0.0
17.26 21.58 -1728.86 497.86 -2709.3 3.0 0.0 500.01 13271.19 1.0 0.0
23.19 28.05 -1769.16 491.02 -2729.3 3.0 0.0 500.34 13230.89 1.0 0.0
28.78 34.23 -1856.07 484.19 -2749.3 3.0 0.0 499.54 13143.98 1.0 0.0
34.07 40.16 -1984.44 477.38 -2769.3 3.0 0.0 499.92 13015.61 1.0 0.0
39.1 45.86 -2149.2 470.58 -2789.3 3.0 0.0 500.25 12850.85 1.0 0.0
43.89 51.35 -2345.54 463.79 -2809.3 3.0 0.0 500.59 12654.51 1.0 0.0
48.48 56.65 -2568.96 457.01 -2829.3 3.0 0.0 499.83 12431.09 1.0 0.0
52.89 61.79 -2815.34 450.25 -2849.3 3.0 0.0 500.16 12184.71 1.0 0.0
57.14 66.76 -3080.93 443.49 -2869.3 3.0 0.0 500.49 11919.12 1.0 0.0
61.25 71.59 -3362.18 436.04 -2889.3 3.0 0.0 499.74 11637.87 1.0 0.0
65.25 76.3 -3655.9 429.17 -2909.3 3.0 0.0 500.07 11344.14 1.0 0.0
33.73 1.12 -1966.18 500.1 -1982.4 4.0 0.0 500.0 13033.87 0.0 0.0
38.29 4.17 -1968.1 499.6 -2002.4 4.0 0.0 500.33 13031.95 0.0 0.0
42.85 9.52 -1970.02 499.85 -2022.4 4.0 0.0 499.53 13030.03 0.0 0.0
47.41 14.93 -1971.94 500.1 -2042.4 4.0 0.0 499.91 13028.11 0.0 0.0
51.97 20.41 -1973.86 499.6 -2062.4 4.0 0.0 500.24 13026.19 0.0 0.0
56.53 25.94 -1975.78 499.85 -2082.4 4.0 0.0 500.57 13024.27 0.0 0.0
61.09 31.54 -1977.7 500.1 -2102.4 4.0 0.0 499.82 13022.35 0.0 0.0
65.65 37.19 -1979.62 499.6 -2122.4 4.0 0.0 500.15 13020.43 0.0 0.0
70.21 42.88 -1981.54 499.85 -2142.4 4.0 0.0 500.48 13018.51 0.0 0.0
74.77 48.62 -1983.46 500.1 -2162.4 4.0 0.0 499.73 13016.59 0.0 0.0
79.33 54.39 -1985.38 499.6 -2182.4 4.0 0.0 500.06 13014.67 0.0 0.0
83.89 60.19 -1987.3 499.85 -2202.4 4.0 0.0 500.39 13012.75 0.0 0.0
88.45 66.01 -1989.21 500.1 -2222.4 4.0 0.0 499.59 13010.83 0.0 0.0
93.01 71.83 -1991.13 499.6 -2242.4 4.0 0.0 499.97 13008.92 0.0 0.0
97.57 77.66 -1993.05 499.85 -2262.4 4.0 0.0 500.31 13007.0 0.0 0.0
102.13 83.47 -1994.97 500.1 -2282.4 4.0 0.0 499.51 13005.08 0.0 0.0
106.69 89.27 -1996.89 499.6 -2302.4 4.0 0.0 499.89 13003.16 0.0 0.0
107.02 90.81 -1997.16 500.33 -2322.4 4.0 0.0 500.22 13002.89 0.0 0.0
103.57 88.55 -1997.16 499.88 -2342.4 4.0 0.0 500.55 13002.89 0.0 0.0
98.72 84.86 -1997.17 500.28 -2362.4 4.0 0.0 499.8 13002.88 0.0 0.0
93.67 80.94 -1997.17 499.83 -2382.4 4.0 0.0 500.13 13002.88 0.0 0.0
88.59 76.97 -1997.18 500.23 -2402.4 4.0 0.0 500.46 13002.87 0.0 0.0
83.52 72.96 -1997.18 499.78 -2422.4 4.0 0.0 499.66 13002.87 0.0 0.0
78.45 68.92 -1997.19 500.18 -2442.4 4.0 0.0 500.04 13002.86 0.0 0.0
73.37 64.85 -1997.19 499.73 -2462.4 4.0 0.0 500.37 13002.86 0.0 0.0
68.3 60.74 -1997.2 500.13 -2482.4 4.0 0.0 499.57 13002.85 0.0 0.0
63.22 56.59 -1997.2 499.68 -2502.4 4.0 0.0 499.95 13002.84 0.0 0.0
58.15 52.39 -1997.21 500.08 -2522.4 4.0 0.0 500.28 13002.84 0.0 0.0
53.07 48.16 -1997.21 499.63 -2542.4 4.0 0.0 500.61 13002.83 0.0 0.0
48.0 43.88 -1997.22 500.03 -2562.4 4.0 0.0 499.86 13002.83 0.0 0.0
42.93 39.55 -1997.23 499.58 -2582.4 4.0 0.0 500.19 13002.82 0.0 0.0
37.85 35.17 -1997.23 499.98 -2602.4 4.0 0.0 500.52 13002.82 0.0 0.0
32.78 30.74 -1997.24 499.53 -2622.4 4.0 0.0 499.77 13002.81 0.0 0.0
27.7 26.26 -1997.24 499.93 -2642.4 4.0 0.0 500.1 13002.81 0.0 0.0
22.63 21.73 -1997.25 500.33 -2662.4 4.0 0.0 500.43 13002.8 0.0 0.0
22.41 22.01 -2001.18 497.2 -2682.4 3.0 0.0 499.63 12998.87 1.0 0.0
28.34 28.47 -2046.37 490.4 -2702.4 3.0 0.0 500.01 12953.68 1.0 0.0
33.93 34.65 -2137.66 483.6 -2722.4 3.0 0.0 500.34 12862.39 1.0 0.0
39.22 40.58 -2269.91 476.82 -2742.4 3.0 0.0 499.54 12730.14 1.0 0.0
44.26 46.27 -2438.06 470.05 -2762.4 3.0 0.0 499.92 12561.99 1.0 0.0
49.06 51.76 -2637.34 463.29 -2782.4 3.0 0.0 500.25 12362.71 1.0 0.0
53.67 57.06 -2863.28 456.54 -2802.4 3.0 0.0 500.58 12136.77 1.0 0.0
58.09 62.19 -3111.8 449.8 -2822.4 3.0 0.0 499.83 11888.24 1.0 0.0
62.36 67.17 -3379.21 443.08 -2842.4 3.0 0.0 500.16 11620.84 1.0 0.0
66.5 72.0 -3661.93 435.62 -2862.4 3.0 0.0 500.49 11338.12 1.0 0.0
55.28 124.26 -1681.78 299.79 -3586.5 4.0 0.0 500.35 13318.26 0.0 0.0
60.01 121.82 -1681.78 313.09 -3602.5 4.0 0.0 499.54 13318.26 0.0 0.0
68.64 115.5 -1681.78 327.09 -3618.5 4.0 0.0 499.92 13318.26 0.0 0.0
77.83 108.67 -1681.78 341.09 -3634.9 4.0 0.0 500.25 13318.26 0.0 0.0
86.82 102.08 -1681.78 355.09 -3654.9 4.0 0.0 500.58 13318.26 0.0 0.0
95.54 95.78 -1681.78 369.09 -3674.9 4.0 0.0 499.83 13318.26 0.0 0.0
40.88 4.37 -2832.88 499.67 -1492.0 4.0 0.0 499.52 10714.71 1.0 1.0
35.41 9.42 -2862.74 500.07 -1512.0 4.0 0.0 500.4 11024.18 1.0 1.0
35.48 0.66 -0.05 500.22 -1892.0 4.0 0.0 499.65 15000.0 0.0 0.0
40.01 4.7 -0.05 499.72 -1912.0 4.0 0.0 500.03 15000.0 0.0 0.0
44.53 10.13 -0.05 499.97 -1932.0 4.0 0.0 500.36 15000.0 0.0 0.0
49.05 15.63 -0.05 500.22 -1952.0 4.0 0.0 499.56 15000.0 0.0 0.0
53.58 21.21 -0.05 499.72 -1972.0 4.0 0.0 499.94 15000.0 0.0 0.0
58.1 26.85 -0.05 499.97 -1992.0 4.0 0.0 500.27 15000.0 0.0 0.0
62.63 32.56 -0.05 500.22 -2012.0 4.0 0.0 500.61 15000.0 0.0 0.0
67.15 38.32 -0.05 499.72 -2032.0 4.0 0.0 499.85 15000.0 0.0 0.0
71.67 44.14 -0.05 499.97 -2052.0 4.0 0.0 500.19 15000.0 0.0 0.0
76.2 49.99 -0.05 500.22 -2072.0 4.0 0.0 500.52 15000.0 0.0 0.0
80.72 55.89 -0.05 499.72 -2092.0 4.0 0.0 499.77 15000.0 0.0 0.0
85.25 61.81 -0.05 499.97 -2112.0 4.0 0.0 500.1 15000.0 0.0 0.0
89.77 67.74 -0.05 500.22 -2132.0 4.0 0.0 500.43 15000.0 0.0 0.0
94.29 73.68 -0.05 499.72 -2152.0 4.0 0.0 499.63 15000.0 0.0 0.0
98.82 79.61 -0.05 499.97 -2172.0 4.0 0.0 500.01 15000.0 0.0 0.0
103.34 85.53 -0.05 500.22 -2192.0 4.0 0.0 500.34 15000.0 0.0 0.0
107.05 90.6 -0.06 499.97 -2212.0 4.0 0.0 499.54 14999.99 0.0 0.0
105.68 90.57 -0.07 499.64 -2232.0 4.0 0.0 499.92 14999.98 0.0 0.0
101.44 87.63 -0.06 500.04 -2252.0 4.0 0.0 500.25 14999.99 0.0 0.0
96.43 83.89 -0.06 499.59 -2272.0 4.0 0.0 500.58 14999.99 0.0 0.0
91.33 80.02 -0.06 499.99 -2292.0 4.0 0.0 499.83 14999.99 0.0 0.0
86.22 76.11 -0.05 499.54 -2312.0 4.0 0.0 500.16 15000.0 0.0 0.0
81.11 72.16 -0.05 499.94 -2332.0 4.0 0.0 500.49 15000.0 0.0 0.0
76.0 68.17 -0.05 500.34 -2352.0 4.0 0.0 499.74 15000.0 0.0 0.0
70.89 64.15 -0.05 499.89 -2372.0 4.0 0.0 500.07 15000.0 0.0 0.0
65.78 60.07 -0.05 500.29 -2392.0 4.0 0.0 500.4 15000.0 0.0 0.0
60.67 55.96 -0.05 499.84 -2412.0 4.0 0.0 499.6 15000.0 0.0 0.0
55.56 51.8 -0.05 500.24 -2432.0 4.0 0.0 499.98 15000.0 0.0 0.0
52.47 58.51 -925.11 454.7 -2712.0 3.0 0.0 500.29 14074.93 1.0 0.0
56.82 63.61 -1178.55 447.96 -2732.0 3.0 0.0 500.62 13821.5 1.0 0.0
61.02 68.56 -1449.98 441.04 -2752.0 3.0 0.0 499.86 13550.06 1.0 0.0
65.09 73.37 -1735.81 433.63 -2772.0 3.0 0.0 500.19 13264.23 1.0 0.0
69.05 78.06 -2033.31 427.02 -2792.0 3.0 0.0 500.53 12966.73 1.0 0.0
72.91 82.63 -2340.4 421.12 -2812.0 3.0 0.0 499.77 12659.65 1.0 0.0
76.68 87.09 -2655.25 415.84 -2832.0 3.0 0.0 500.1 12344.8 1.0 0.0
80.37 91.46 -2976.23 411.1 -2852.0 3.0 0.0 500.43 12023.82 1.0 0.0
83.99 95.74 -3301.92 406.82 -2872.0 3.0 0.0 499.63 11698.13 1.0 0.0
87.55 99.94 -3631.0 402.94 -2892.0 3.0 0.0 500.01 11369.05 1.0 0.0
51.79 155.43 448.65 306.63 -4197.6 4.0 0.0 454.44 14999.35 0.0 0.0
51.77 149.81 574.89 320.63 -4213.6 4.0 0.0 447.67 14999.35 0.0 0.0
49.58 142.49 752.12 334.63 -4229.6 4.0 0.0 440.91 14999.35 0.0 0.0
47.08 135.24 972.19 348.63 -4248.1 4.0 0.0 434.17 14999.35 0.0 0.0
44.52 128.31 1227.66 362.63 -4268.1 4.0 0.0 426.85 14999.35 0.0 0.0
41.95 121.69 1512.22 376.63 -4288.1 4.0 0.0 420.45 14999.35 0.0 0.0
39.37 115.37 1821.13 390.63 -4308.1 4.0 0.0 415.07 14999.35 0.0 0.0
36.76 109.31 2150.5 404.63 -4328.1 4.0 0.0 410.57 14999.35 0.0 0.0
34.15 103.51 2497.14 418.63 -4348.1 4.0 0.0 406.81 14999.35 0.0 0.0
31.52 97.93 2858.4 432.63 -4368.1 4.0 0.0 403.67 14999.35 0.0 0.0
28.88 92.57 3232.13 446.63 -4388.1 4.0 0.0 401.07 14999.35 0.0 0.0
26.24 87.41 3616.56 460.63 -4408.1 4.0 0.0 398.92 14999.35 0.0 0.0
44.02 1.77 -1597.27 452.09 -1912.2 4.0 0.0 500.18 13402.78 1.0 0.0
48.96 4.02 -1599.93 462.09 -1932.2 4.0 0.0 500.51 13400.12 1.0 0.0
53.8 9.75 -1602.65 472.09 -1952.2 4.0 0.0 499.76 13397.39 1.0 0.0
58.52 15.43 -1605.44 482.09 -1972.2 4.0 0.0 500.09 13394.61 0.0 0.0
63.14 21.07 -1608.27 492.09 -1992.2 4.0 0.0 500.43 13391.77 0.0 0.0
67.67 26.68 -1611.17 499.84 -2012.2 4.0 0.0 499.63 13388.88 0.0 0.0
72.16 32.31 -1614.08 500.09 -2032.2 4.0 0.0 500.01 13385.97 0.0 0.0
76.66 37.98 -1617.0 499.59 -2052.2 4.0 0.0 500.34 13383.05 0.0 0.0
81.15 43.71 -1619.91 499.84 -2072.2 4.0 0.0 499.54 13380.14 0.0 0.0
85.65 49.47 -1622.82 500.09 -2092.2 4.0 0.0 499.92 13377.23 0.0 0.0
90.14 55.26 -1625.73 499.59 -2112.2 4.0 0.0 500.25 13374.31 0.0 0.0
94.64 61.08 -1628.65 499.84 -2132.2 4.0 0.0 500.58 13371.4 0.0 0.0
99.13 66.91 -1631.56 500.09 -2152.2 4.0 0.0 499.83 13368.49 0.0 0.0
103.63 72.75 -1634.47 499.59 -2172.2 4.0 0.0 500.16 13365.58 0.0 0.0
108.12 78.59 -1637.38 499.84 -2192.2 4.0 0.0 500.49 13362.67 0.0 0.0
112.62 84.43 -1640.29 500.09 -2212.2 4.0 0.0 499.74 13359.76 0.0 0.0
117.11 90.24 -1643.2 499.59 -2232.2 4.0 0.0 500.07 13356.85 0.0 0.0
116.19 90.62 -1643.14 499.87 -2252.2 4.0 0.0 500.4 13356.91 0.0 0.0
112.26 87.96 -1643.14 500.27 -2272.2 4.0 0.0 499.6 13356.91 0.0 0.0
107.27 84.22 -1643.15 499.82 -2292.2 4.0 0.0 499.98 13356.9 0.0 0.0
102.14 80.32 -1643.15 500.22 -2312.2 4.0 0.0 500.31 13356.9 0.0 0.0
97.0 76.38 -1643.16 499.77 -2332.2 4.0 0.0 499.51 13356.89 0.0 0.0
91.86 72.4 -1643.16 500.17 -2352.2 4.0 0.0 499.89 13356.89 0.0 0.0
86.72 68.4 -1643.17 499.72 -2372.2 4.0 0.0 500.22 13356.88 0.0 0.0
81.58 64.36 -1643.17 500.12 -2392.2 4.0 0.0 500.56 13356.88 0.0 0.0
76.44 60.28 -1643.18 499.67 -2412.2 4.0 0.0 499.8 13356.87 0.0 0.0
71.3 56.17 -1643.18 500.07 -2432.2 4.0 0.0 500.13 13356.87 0.0 0.0
66.17 52.02 -1643.19 499.62 -2452.2 4.0 0.0 500.47 13356.86 0.0 0.0
61.03 47.83 -1643.19 500.02 -2472.2 4.0 0.0 499.67 13356.86 0.0 0.0
55.89 43.59 -1643.2 499.57 -2492.2 4.0 0.0 500.04 13356.85 0.0 0.0
50.75 39.32 -1643.2 499.97 -2512.2 4.0 0.0 500.38 13356.84 0.0 0.0
45.61 34.99 -1643.21 499.52 -2532.2 4.0 0.0 499.58 13356.84 0.0 0.0
40.47 30.62 -1643.21 499.92 -2552.2 4.0 0.0 499.95 13356.83 0.0 0.0
35.33 26.2 -1643.22 500.32 -2572.2 4.0 0.0 500.29 13356.83 0.0 0.0
30.19 21.72 -1643.23 499.87 -2592.2 4.0 0.0 500.62 13356.82 0.0 0.0
29.9 22.06 -1647.15 497.29 -2612.2 3.0 0.0 499.86 13352.89 1.0 0.0
35.77 28.59 -1692.35 490.45 -2632.2 3.0 0.0 500.2 13307.7 1.0 0.0
41.3 34.83 -1783.64 483.62 -2652.2 3.0 0.0 500.53 13216.41 1.0 0.0
46.53 40.81 -1915.88 476.81 -2672.2 3.0 0.0 499.77 13084.17 1.0 0.0
51.5 46.55 -2084.02 470.01 -2692.2 3.0 0.0 500.1 12916.03 1.0 0.0
56.24 52.09 -2283.27 463.22 -2712.2 3.0 0.0 500.44 12716.78 1.0 0.0
60.78 57.43 -2509.18 456.44 -2732.2 3.0 0.0 499.63 12490.86 1.0 0.0
65.14 62.6 -2757.67 449.68 -2752.2 3.0 0.0 500.01 12242.38 1.0 0.0
69.35 67.62 -3025.02 442.93 -2772.2 3.0 0.0 500.34 11975.03 1.0 0.0
73.42 72.49 -3307.67 435.42 -2792.2 3.0 0.0 499.54 11692.38 1.0 0.0
77.38 77.24 -3602.55 428.63 -2812.2 3.0 0.0 499.92 11397.5 1.0 0.0
95.68 126.46 -0.1 299.77 -4042.9 2.0 0.0 500.57 14999.95 0.0 0.0
95.42 126.45 -0.1 299.77 -4058.9 2.0 0.0 499.82 14999.95 0.0 0.0
95.15 126.44 -0.1 299.77 -4074.9 2.0 0.0 500.14 14999.95 0.0 0.0
94.89 126.44 -0.1 299.77 -4090.9 2.0 0.0 500.47 14999.95 0.0 0.0
94.62 126.43 -0.1 299.77 -4106.9 2.0 0.0 499.67 14999.95 0.0 0.0
94.36 126.42 -0.1 299.77 -4122.9 2.0 0.0 500.05 14999.95 0.0 0.0
94.09 126.41 -0.1 299.77 -4138.9 2.0 0.0 500.38 14999.95 0.0 0.0
93.83 126.39 -0.1 299.77 -4154.9 2.0 0.0 499.57 14999.95 0.0 0.0
93.56 126.38 -0.1 299.77 -4170.9 2.0 0.0 499.95 14999.95 0.0 0.0
93.29 126.37 -0.1 299.77 -4186.9 2.0 0.0 500.28 14999.95 0.0 0.0
93.03 126.35 -0.1 299.77 -4202.9 2.0 0.0 500.61 14999.95 0.0 0.0
92.76 126.34 -0.1 299.77 -4218.9 2.0 0.0 499.85 14999.95 0.0 0.0
92.5 126.32 -0.1 299.77 -4234.9 2.0 0.0 500.18 14999.95 0.0 0.0
92.23 126.31 -0.1 299.77 -4250.9 2.0 0.0 500.51 14999.95 0.0 0.0
91.97 126.29 -0.1 299.77 -4266.9 2.0 0.0 499.76 14999.95 0.0 0.0
38.91 159.2 -1446.27 299.83 -4008.8 4.0 0.0 471.84 13102.96 0.0 0.0
42.93 156.24 -1489.62 313.13 -4024.8 4.0 0.0 465.04 13104.13 0.0 0.0
42.41 149.39 -1458.58 327.13 -4040.8 4.0 0.0 458.25 13105.34 0.0 0.0
40.81 142.03 -1362.58 341.13 -4057.2 4.0 0.0 451.48 13106.61 0.0 0.0
38.98 134.91 -1210.84 355.13 -4077.2 4.0 0.0 444.72 13107.93 0.0 0.0
37.03 128.09 -1011.96 369.13 -4097.2 4.0 0.0 437.97 13109.31 0.0 0.0
35.01 121.58 -773.68 383.13 -4117.2 4.0 0.0 430.96 13110.74 0.0 0.0
32.93 115.34 -503.11 397.13 -4137.2 4.0 0.0 423.91 13112.22 0.0 0.0
30.8 109.36 -205.71 411.13 -4157.2 4.0 0.0 417.98 13113.75 0.0 0.0
28.63 103.62 114.21 425.13 -4177.2 4.0 0.0 413.01 13115.34 0.0 0.0
26.42 98.11 453.08 439.13 -4197.2 4.0 0.0 408.84 13116.99 0.0 0.0
24.17 92.81 807.98 453.13 -4217.2 4.0 0.0 405.36 13118.68 0.0 0.0
21.89 87.69 1176.52 467.13 -4237.2 4.0 0.0 402.47 13120.43 0.0 0.0
19.58 82.76 1556.72 481.13 -4257.2 4.0 0.0 400.07 13122.23 0.0 0.0
17.24 77.99 1946.96 495.13 -4277.2 4.0 0.0 398.1 13124.09 0.0 0.0
14.87 73.34 2345.89 499.78 -4297.2 4.0 0.0 396.48 13125.99 0.0 0.0
12.36 68.7 2752.36 500.18 -4317.2 4.0 0.0 395.18 13127.89 0.0 0.0
9.72 64.06 3165.43 499.73 -4337.2 4.0 0.0 394.13 13129.79 0.0 0.0
33.6 92.66 -2084.67 452.35 -3100.8 4.0 0.0 499.5 12915.38 0.0 0.0
37.33 91.14 -2084.59 463.82 -3120.8 4.0 0.0 499.88 12915.45 0.0 0.0
43.84 86.85 -2084.6 477.82 -3140.8 4.0 0.0 500.21 12915.44 0.0 0.0
50.86 82.08 -2084.6 491.82 -3160.8 4.0 0.0 500.54 12915.44 0.0 0.0
57.82 77.4 -2084.61 499.87 -3180.8 4.0 0.0 499.79 12915.43 0.0 0.0
64.76 72.75 -2084.62 500.27 -3200.8 4.0 0.0 500.12 12915.43 0.0 0.0
71.71 68.1 -2084.62 499.82 -3220.8 4.0 0.0 500.45 12915.42 0.0 0.0
78.65 63.45 -2084.63 500.22 -3240.8 4.0 0.0 499.65 12915.41 0.0 0.0
85.59 58.8 -2084.64 499.77 -3260.8 4.0 0.0 500.03 12915.41 0.0 0.0
92.54 54.15 -2084.64 500.17 -3280.8 4.0 0.0 500.36 12915.4 0.0 0.0
99.48 49.49 -2084.65 499.72 -3300.8 4.0 0.0 499.56 12915.39 0.0 0.0
106.42 44.83 -2084.66 500.12 -3320.8 4.0 0.0 499.94 12915.39 0.0 0.0
148.88 162.95 -3622.92 394.83 -3848.8 3.0 0.0 499.91 11377.13 0.0 0.0
148.58 162.95 -3622.92 394.83 -3868.8 3.0 0.0 500.24 11377.13 0.0 0.0
148.29 162.94 -3622.92 394.83 -3888.8 3.0 0.0 500.57 11377.13 0.0 0.0
147.99 162.94 -3622.92 394.83 -3908.8 3.0 0.0 499.82 11377.13 0.0 0.0
147.69 162.93 -3622.92 394.83 -3928.8 3.0 0.0 500.15 11377.13 0.0 0.0
147.4 162.93 -3622.92 394.83 -3948.8 3.0 0.0 500.48 11377.13 0.0 0.0
147.1 162.92 -3622.92 394.83 -3968.8 3.0 0.0 499.68 11377.13 0.0 0.0
146.8 162.91 -3622.92 394.83 -3988.8 3.0 0.0 500.05 11377.13 0.0 0.0
146.51 162.9 -3622.92 394.83 -4008.8 3.0 0.0 500.38 11377.13 0.0 0.0
146.21 162.89 -3622.92 394.83 -4028.8 3.0 0.0 499.58 11377.13 0.0 0.0
145.91 162.88 -3622.92 394.83 -4048.8 3.0 0.0 499.96 11377.13 0.0 0.0
145.62 162.87 -3622.92 394.83 -4068.8 3.0 0.0 500.29 11377.13 0.0 0.0
145.32 162.86 -3622.92 394.83 -4088.8 3.0 0.0 500.62 11377.13 0.0 0.0
145.02 162.85 -3622.92 394.83 -4108.8 3.0 0.0 499.86 11377.13 0.0 0.0
144.73 162.83 -3622.92 394.83 -4128.8 3.0 0.0 500.19 11377.13 0.0 0.0
144.43 162.82 -3622.92 394.83 -4148.8 3.0 0.0 500.52 11377.13 0.0 0.0
144.13 162.8 -3622.92 394.83 -4168.8 3.0 0.0 499.77 11377.13 0.0 0.0
143.84 162.79 -3622.92 394.83 -4188.8 3.0 0.0 500.1 11377.13 0.0 0.0
143.54 162.77 -3622.92 394.83 -4208.8 3.0 0.0 500.43 11377.13 0.0 0.0
143.24 162.75 -3622.92 394.83 -4228.8 3.0 0.0 499.62 11377.13 0.0 0.0
142.95 162.73 -3622.92 394.83 -4248.8 3.0 0.0 500.0 11377.13 0.0 0.0
142.65 162.71 -3622.92 394.83 -4268.8 3.0 0.0 500.33 11377.13 0.0 0.0
142.35 162.7 -3622.92 394.83 -4288.8 3.0 0.0 499.53 11377.13 0.0 0.0
142.06 162.68 -3622.92 394.83 -4308.8 3.0 0.0 499.9 11377.13 0.0 0.0
141.76 162.65 -3622.92 394.83 -4328.8 3.0 0.0 500.23 11377.13 0.0 0.0
141.46 162.63 -3622.92 394.83 -4348.8 3.0 0.0 500.56 11377.13 0.0 0.0
141.17 162.61 -3622.92 394.83 -4368.8 3.0 0.0 499.81 11377.13 0.0 0.0
140.87 162.59 -3622.92 394.83 -4388.8 3.0 0.0 500.14 11377.13 0.0 0.0
140.57 162.57 -3622.92 394.83 -4408.8 3.0 0.0 500.47 11377.13 0.0 0.0
140.28 162.54 -3622.92 394.83 -4428.8 3.0 0.0 499.66 11377.13 0.0 0.0
139.98 162.52 -3622.92 394.83 -4448.8 3.0 0.0 500.04 11377.13 0.0 0.0
139.68 162.49 -3622.92 394.83 -4468.8 3.0 0.0 500.37 11377.13 0.0 0.0
139.39 162.47 -3622.92 394.83 -4488.8 3.0 0.0 499.57 11377.13 0.0 0.0
139.09 162.44 -3622.92 394.83 -4508.8 3.0 0.0 499.94 11377.13 0.0 0.0
138.79 162.42 -3622.92 394.83 -4528.8 3.0 0.0 500.27 11377.13 0.0 0.0
138.5 162.39 -3622.92 394.83 -4548.8 3.0 0.0 500.6 11377.13 0.0 0.0
138.2 162.36 -3622.92 394.83 -4568.8 3.0 0.0 499.85 11377.13 0.0 0.0
137.9 162.33 -3622.92 394.83 -4588.8 3.0 0.0 500.18 11377.13 0.0 0.0
137.61 162.3 -3622.92 394.83 -4608.8 3.0 0.0 500.5 11377.13 0.0 0.0
137.31 162.28 -3622.92 394.83 -4628.8 3.0 0.0 499.75 11377.13 0.0 0.0
137.01 162.25 -3622.92 394.83 -4648.8 3.0 0.0 500.08 11377.13 0.0 0.0
136.72 162.22 -3622.92 394.83 -4668.8 3.0 0.0 500.41 11377.13 0.0 0.0
24.02 90.4 -3855.57 466.13 -3134.8 4.0 0.0 500.11 11144.47 0.0 0.0
29.99 86.49 -3855.58 480.13 -3154.8 4.0 0.0 500.44 11144.46 0.0 0.0
36.84 81.73 -3855.59 494.13 -3174.8 4.0 0.0 499.64 11144.46 0.0 0.0
43.69 76.97 -3855.59 499.63 -3194.8 4.0 0.0 500.02 11144.45 0.0 0.0
50.55 72.22 -3855.6 500.03 -3214.8 4.0 0.0 500.35 11144.45 0.0 0.0
57.4 67.46 -3855.6 499.58 -3234.8 4.0 0.0 499.55 11144.44 0.0 0.0
64.26 62.69 -3855.61 499.98 -3254.8 4.0 0.0 499.92 11144.43 0.0 0.0
71.12 57.92 -3855.62 499.53 -3274.8 4.0 0.0 500.26 11144.43 0.0 0.0
77.98 53.14 -3855.62 499.93 -3294.8 4.0 0.0 500.59 11144.42 0.0 0.0
84.83 48.34 -3855.63 500.33 -3314.8 4.0 0.0 499.83 11144.41 0.0 0.0
91.69 43.52 -3855.64 499.88 -3334.8 4.0 0.0 500.16 11144.41 0.0 0.0
98.55 38.68 -3855.64 500.28 -3354.8 4.0 0.0 500.49 11144.4 0.0 0.0
105.41 33.82 -3855.65 499.83 -3374.8 4.0 0.0 499.74 11144.4 0.0 0.0
112.26 28.93 -3855.65 500.23 -3394.8 4.0 0.0 500.07 11144.39 0.0 0.0
30.79 2.9 -2282.05 500.02 -1942.3 4.0 0.0 499.82 12718.0 0.0 0.0
35.31 2.37 -2284.14 499.52 -1962.3 4.0 0.0 500.15 12715.91 0.0 0.0
39.84 7.71 -2286.23 499.77 -1982.3 4.0 0.0 500.48 12713.82 0.0 0.0
44.36 13.11 -2288.32 500.02 -2002.3 4.0 0.0 499.73 12711.73 0.0 0.0
48.89 18.58 -2290.41 499.52 -2022.3 4.0 0.0 500.06 12709.63 0.0 0.0
53.41 24.11 -2292.51 499.77 -2042.3 4.0 0.0 500.39 12707.54 0.0 0.0
57.94 29.7 -2294.6 500.02 -2062.3 4.0 0.0 499.59 12705.45 0.0 0.0
62.46 35.35 -2296.69 499.52 -2082.3 4.0 0.0 499.97 12703.36 0.0 0.0
66.98 41.06 -2298.78 499.77 -2102.3 4.0 0.0 500.3 12701.27 0.0 0.0
71.51 46.8 -2300.87 500.02 -2122.3 4.0 0.0 499.51 12699.18 0.0 0.0
76.03 52.59 -2302.96 499.52 -2142.3 4.0 0.0 499.89 12697.09 0.0 0.0
80.56 58.4 -2305.05 499.77 -2162.3 4.0 0.0 500.22 12695.0 0.0 0.0
85.08 64.23 -2307.14 500.02 -2182.3 4.0 0.0 500.55 12692.91 0.0 0.0
89.61 70.08 -2309.23 499.52 -2202.3 4.0 0.0 499.8 12690.81 0.0 0.0
94.13 75.92 -2311.32 499.77 -2222.3 4.0 0.0 500.13 12688.72 0.0 0.0
98.65 81.76 -2313.41 500.02 -2242.3 4.0 0.0 500.46 12686.63 0.0 0.0
103.18 87.58 -2315.5 499.52 -2262.3 4.0 0.0 499.66 12684.54 0.0 0.0
105.07 90.75 -2316.38 500.29 -2282.3 4.0 0.0 500.04 12683.67 0.0 0.0
102.43 89.35 -2316.38 499.84 -2302.3 4.0 0.0 500.37 12683.67 0.0 0.0
97.73 85.86 -2316.39 500.24 -2322.3 4.0 0.0 499.57 12683.66 0.0 0.0
92.66 81.97 -2316.39 499.79 -2342.3 4.0 0.0 499.95 12683.66 0.0 0.0
87.55 78.02 -2316.4 500.19 -2362.3 4.0 0.0 500.28 12683.65 0.0 0.0
82.44 74.03 -2316.4 499.74 -2382.3 4.0 0.0 500.61 12683.65 0.0 0.0
77.33 70.0 -2316.41 500.14 -2402.3 4.0 0.0 499.86 12683.64 0.0 0.0
72.22 65.93 -2316.41 499.69 -2422.3 4.0 0.0 500.19 12683.64 0.0 0.0
67.11 61.83 -2316.42 500.09 -2442.3 4.0 0.0 500.52 12683.63 0.0 0.0
62.0 57.69 -2316.42 499.64 -2462.3 4.0 0.0 499.77 12683.62 0.0 0.0
56.89 53.5 -2316.43 500.04 -2482.3 4.0 0.0 500.1 12683.62 0.0 0.0
51.78 49.27 -2316.43 499.59 -2502.3 4.0 0.0 500.43 12683.61 0.0 0.0
46.67 44.99 -2316.44 499.99 -2522.3 4.0 0.0 499.63 12683.61 0.0 0.0
41.56 40.66 -2316.45 499.54 -2542.3 4.0 0.0 500.01 12683.6 0.0 0.0
36.44 36.28 -2316.45 499.94 -2562.3 4.0 0.0 500.34 12683.6 0.0 0.0
31.33 31.85 -2316.46 500.34 -2582.3 4.0 0.0 499.54 12683.59 0.0 0.0
26.22 27.36 -2316.46 499.89 -2602.3 4.0 0.0 499.92 12683.59 0.0 0.0
21.11 22.82 -2316.47 500.29 -2622.3 4.0 0.0 500.25 12683.58 0.0 0.0
18.33 20.55 -2317.1 498.72 -2642.3 3.0 0.0 500.58 12682.95 1.0 0.0
24.31 27.07 -2351.22 491.88 -2662.3 3.0 0.0 499.83 12648.83 1.0 0.0
29.94 33.29 -2432.59 485.05 -2682.3 3.0 0.0 500.16 12567.46 1.0 0.0
35.26 39.26 -2556.06 478.24 -2702.3 3.0 0.0 500.49 12443.99 1.0 0.0
40.32 44.99 -2716.54 471.44 -2722.3 3.0 0.0 499.74 12283.51 1.0 0.0
45.14 50.5 -2909.19 464.65 -2742.3 3.0 0.0 500.07 12090.86 1.0 0.0
49.75 55.83 -3129.46 457.87 -2762.3 3.0 0.0 500.4 11870.59 1.0 0.0
54.18 60.98 -3373.19 451.11 -2782.3 3.0 0.0 499.6 11626.86 1.0 0.0
58.45 65.97 -3636.58 444.36 -2802.3 3.0 0.0 499.98 11363.47 1.0 0.0
31.3 92.86 -2580.03 456.46 -3123.8 4.0 0.0 499.75 12420.02 0.0 0.0
36.41 89.95 -2580.03 470.46 -3143.8 4.0 0.0 500.08 12420.01 0.0 0.0
43.27 85.32 -2580.04 484.46 -3163.8 4.0 0.0 500.41 12420.01 0.0 0.0
50.27 80.57 -2580.04 498.46 -3183.8 4.0 0.0 499.61 12420.0 0.0 0.0
57.22 75.89 -2580.05 499.71 -3203.8 4.0 0.0 499.99 12419.99 0.0 0.0
64.18 71.22 -2580.06 500.11 -3223.8 4.0 0.0 500.32 12419.99 0.0 0.0
71.13 66.55 -2580.06 499.66 -3243.8 4.0 0.0 499.52 12419.98 0.0 0.0
78.08 61.88 -2580.07 500.06 -3263.8 4.0 0.0 499.89 12419.97 0.0 0.0
85.04 57.2 -2580.08 499.61 -3283.8 4.0 0.0 500.22 12419.97 0.0 0.0
91.99 52.52 -2580.08 500.01 -3303.8 4.0 0.0 500.56 12419.96 0.0 0.0
98.94 47.83 -2580.09 499.56 -3323.8 4.0 0.0 499.8 12419.95 0.0 0.0
105.9 43.13 -2580.09 499.96 -3343.8 4.0 0.0 500.13 12419.95 0.0 0.0
112.85 38.41 -2580.1 499.51 -3363.8 4.0 0.0 500.46 12419.94 0.0 0.0
35.74 2.22 -118.46 499.78 -2072.4 4.0 0.0 500.05 14881.59 0.0 0.0
40.26 7.56 -120.36 500.03 -2092.4 4.0 0.0 500.38 14879.69 0.0 0.0
44.79 12.96 -122.27 499.53 -2112.4 4.0 0.0 499.58 14877.78 0.0 0.0
49.31 18.43 -124.17 499.78 -2132.4 4.0 0.0 499.96 14875.88 0.0 0.0
53.83 23.97 -126.08 500.03 -2152.4 4.0 0.0 500.29 14873.97 0.0 0.0
58.36 29.56 -127.98 499.53 -2172.4 4.0 0.0 500.62 14872.06 0.0 0.0
62.88 35.21 -129.89 499.78 -2192.4 4.0 0.0 499.87 14870.16 0.0 0.0
67.41 40.91 -131.79 500.03 -2212.4 4.0 0.0 500.2 14868.25 0.0 0.0
71.93 46.66 -133.7 499.53 -2232.4 4.0 0.0 500.54 14866.35 0.0 0.0
76.46 52.44 -135.6 499.78 -2252.4 4.0 0.0 499.78 14864.44 0.0 0.0
80.98 58.26 -137.51 500.03 -2272.4 4.0 0.0 500.11 14862.54 0.0 0.0
85.5 64.09 -139.41 499.53 -2292.4 4.0 0.0 500.45 14860.64 0.0 0.0
90.03 69.94 -141.32 499.78 -2312.4 4.0 0.0 499.65 14858.73 0.0 0.0
94.55 75.78 -143.22 500.03 -2332.4 4.0 0.0 500.03 14856.83 0.0 0.0
99.08 81.62 -145.13 499.53 -2352.4 4.0 0.0 500.36 14854.92 0.0 0.0
103.6 87.45 -147.03 499.78 -2372.4 4.0 0.0 499.56 14853.02 0.0 0.0
106.47 91.59 -148.28 499.57 -2392.4 4.0 0.0 499.94 14851.77 0.0 0.0
104.54 90.91 -148.21 499.6 -2412.4 4.0 0.0 500.27 14851.84 0.0 0.0
100.05 87.63 -148.21 500.0 -2432.4 4.0 0.0 500.6 14851.84 0.0 0.0
95.0 83.77 -148.22 499.55 -2452.4 4.0 0.0 499.85 14851.83 0.0 0.0
89.9 79.82 -148.22 499.95 -2472.4 4.0 0.0 500.18 14851.83 0.0 0.0
84.82 75.87 -148.23 499.5 -2492.4 4.0 0.0 500.51 14851.82 0.0 0.0
76.52 71.71 -727.51 476.04 -2572.4 3.0 0.0 499.62 14272.53 1.0 0.0
74.73 70.86 -1049.88 469.24 -2592.4 3.0 0.0 500.0 13950.17 1.0 0.0
73.11 70.13 -1417.02 461.98 -2612.4 3.0 0.0 500.33 13583.03 1.0 0.0
71.64 69.51 -1818.84 455.36 -2632.4 3.0 0.0 499.53 13181.21 1.0 0.0
70.31 69.0 -2248.18 449.85 -2652.4 3.0 0.0 499.91 12751.86 1.0 0.0
69.11 68.59 -2699.46 445.25 -2672.4 3.0 0.0 500.24 12300.59 1.0 0.0
68.03 68.27 -3168.26 441.42 -2692.4 3.0 0.0 500.57 11831.79 1.0 0.0
67.05 68.03 -3651.07 438.2 -2712.4 3.0 0.0 499.82 11348.98 1.0 0.0
45.3 0.32 -2444.94 499.91 -1472.8 4.0 0.0 499.61 10368.66 1.0 1.0
39.59 5.55 -2424.45 500.31 -1492.8 4.0 0.0 499.66 10728.84 1.0 1.0
34.93 1.28 -18.03 499.74 -1932.8 4.0 0.0 500.15 14982.02 0.0 0.0
39.45 4.08 -20.37 499.99 -1952.8 4.0 0.0 500.48 14979.68 0.0 0.0
43.97 9.52 -22.7 500.24 -1972.8 4.0 0.0 499.73 14977.35 0.0 0.0
48.5 15.04 -25.04 499.74 -1992.8 4.0 0.0 500.06 14975.01 0.0 0.0
53.02 20.62 -27.37 499.99 -2012.8 4.0 0.0 500.39 14972.68 0.0 0.0
57.54 26.28 -29.7 500.24 -2032.8 4.0 0.0 499.6 14970.34 0.0 0.0
62.07 32.0 -32.04 499.74 -2052.8 4.0 0.0 499.97 14968.01 0.0 0.0
66.59 37.78 -34.37 499.99 -2072.8 4.0 0.0 500.31 14965.68 0.0 0.0
71.11 43.62 -36.7 500.24 -2092.8 4.0 0.0 499.51 14963.34 0.0 0.0
75.63 49.5 -39.04 499.74 -2112.8 4.0 0.0 499.89 14961.01 0.0 0.0
80.16 55.41 -41.37 499.99 -2132.8 4.0 0.0 500.22 14958.68 0.0 0.0
84.68 61.36 -43.7 500.24 -2152.8 4.0 0.0 500.55 14956.35 0.0 0.0
89.2 67.31 -46.04 499.74 -2172.8 4.0 0.0 499.8 14954.01 0.0 0.0
93.72 73.28 -48.37 499.99 -2192.8 4.0 0.0 500.13 14951.68 0.0 0.0
98.25 79.24 -50.7 500.24 -2212.8 4.0 0.0 500.46 14949.35 0.0 0.0
102.77 85.18 -53.03 499.74 -2232.8 4.0 0.0 499.66 14947.02 0.0 0.0
106.6 90.4 -55.02 499.99 -2252.8 4.0 0.0 500.04 14945.03 0.0 0.0
105.3 90.46 -54.95 499.91 -2272.8 4.0 0.0 500.37 14945.1 0.0 0.0
101.1 87.58 -54.95 500.31 -2292.8 4.0 0.0 499.57 14945.09 0.0 0.0
96.1 83.87 -54.96 499.86 -2312.8 4.0 0.0 499.95 14945.09 0.0 0.0
91.0 80.02 -54.96 500.26 -2332.8 4.0 0.0 500.28 14945.08 0.0 0.0
85.89 76.13 -54.97 499.81 -2352.8 4.0 0.0 500.61 14945.08 0.0 0.0
80.78 72.2 -54.98 500.21 -2372.8 4.0 0.0 499.86 14945.07 0.0 0.0
75.67 68.22 -54.98 499.76 -2392.8 4.0 0.0 500.19 14945.07 0.0 0.0
70.56 64.21 -54.99 500.16 -2412.8 4.0 0.0 500.52 14945.06 0.0 0.0
65.44 60.15 -54.99 499.71 -2432.8 4.0 0.0 499.77 14945.06 0.0 0.0
60.33 56.05 -55.0 500.11 -2452.8 4.0 0.0 500.1 14945.05 0.0 0.0
55.22 51.89 -55.0 499.66 -2472.8 4.0 0.0 500.43 14945.05 0.0 0.0
50.11 47.69 -55.01 500.06 -2492.8 4.0 0.0 499.63 14945.04 0.0 0.0
46.65 52.39 -716.54 462.46 -2732.8 3.0 0.0 500.4 14283.51 1.0 0.0
51.21 57.69 -944.88 455.71 -2752.8 3.0 0.0 499.6 14055.16 1.0 0.0
55.58 62.82 -1195.41 448.96 -2772.8 3.0 0.0 499.98 13804.64 1.0 0.0
59.8 67.79 -1464.46 442.23 -2792.8 3.0 0.0 500.31 13535.59 1.0 0.0
63.89 72.62 -1748.42 434.68 -2812.8 3.0 0.0 499.51 13251.63 1.0 0.0
67.86 77.33 -2044.37 427.96 -2832.8 3.0 0.0 499.89 12955.68 1.0 0.0
71.74 81.92 -2350.19 421.97 -2852.8 3.0 0.0 500.22 12649.86 1.0 0.0
75.52 86.4 -2664.03 416.6 -2872.8 3.0 0.0 500.55 12336.02 1.0 0.0
79.21 90.78 -2984.22 411.78 -2892.8 3.0 0.0 499.8 12015.83 1.0 0.0
82.84 95.07 -3309.32 407.44 -2912.8 3.0 0.0 500.13 11690.73 1.0 0.0
86.42 99.29 -3638.0 403.5 -2932.8 3.0 0.0 500.46 11362.05 1.0 0.0
82.49 59.69 -3615.77 499.69 -1808.7 4.0 0.0 499.6 11384.28 1.0 0.0
77.03 55.34 -3397.5 500.09 -1828.7 4.0 0.0 499.98 11602.54 0.0 0.0
71.55 50.95 -3177.35 499.64 -1848.7 4.0 0.0 500.31 11822.7 0.0 0.0
66.08 46.5 -2955.28 500.04 -1868.7 4.0 0.0 499.51 12044.77 0.0 0.0
37.15 2.7 -19.13 499.69 -1970.2 4.0 0.0 500.43 14980.92 0.0 0.0
41.68 8.08 -21.47 499.94 -1990.2 4.0 0.0 499.63 14978.58 0.0 0.0
46.2 13.53 -23.81 500.19 -2010.2 4.0 0.0 500.01 14976.24 0.0 0.0
50.72 19.05 -26.15 499.69 -2030.2 4.0 0.0 500.35 14973.9 0.0 0.0
55.25 24.64 -28.49 499.94 -2050.2 4.0 0.0 499.55 14971.56 0.0 0.0
59.77 30.29 -30.83 500.19 -2070.2 4.0 0.0 499.93 14969.22 0.0 0.0
64.29 36.0 -33.17 499.69 -2090.2 4.0 0.0 500.26 14966.88 0.0 0.0
68.82 41.77 -35.51 499.94 -2110.2 4.0 0.0 500.59 14964.54 0.0 0.0
73.34 47.58 -37.84 500.19 -2130.2 4.0 0.0 499.84 14962.2 0.0 0.0
77.86 53.42 -40.18 499.69 -2150.2 4.0 0.0 500.17 14959.87 0.0 0.0
82.39 59.3 -42.52 499.94 -2170.2 4.0 0.0 500.5 14957.53 0.0 0.0
86.91 65.2 -44.86 500.19 -2190.2 4.0 0.0 499.75 14955.19 0.0 0.0
91.43 71.1 -47.2 499.69 -2210.2 4.0 0.0 500.08 14952.85 0.0 0.0
95.95 77.01 -49.54 499.94 -2230.2 4.0 0.0 500.41 14950.51 0.0 0.0
100.48 82.9 -51.87 500.19 -2250.2 4.0 0.0 499.61 14948.18 0.0 0.0
105.0 88.77 -54.21 499.69 -2270.2 4.0 0.0 499.99 14945.84 0.0 0.0
106.21 91.3 -54.9 500.02 -2290.2 4.0 0.0 500.32 14945.14 0.0 0.0
103.16 89.54 -54.91 499.57 -2310.2 4.0 0.0 499.52 14945.14 0.0 0.0
98.36 85.99 -54.91 499.97 -2330.2 4.0 0.0 499.9 14945.13 0.0 0.0
93.28 82.14 -54.92 499.52 -2350.2 4.0 0.0 500.23 14945.13 0.0 0.0
88.17 78.22 -54.93 499.92 -2370.2 4.0 0.0 500.57 14945.12 0.0 0.0
83.06 74.27 -54.93 500.32 -2390.2 4.0 0.0 499.81 14945.12 0.0 0.0
77.95 70.28 -54.94 499.87 -2410.2 4.0 0.0 500.14 14945.11 0.0 0.0
72.84 66.24 -54.94 500.27 -2430.2 4.0 0.0 500.48 14945.11 0.0 0.0
67.73 62.17 -54.95 499.82 -2450.2 4.0 0.0 499.68 14945.1 0.0 0.0
62.62 58.06 -54.95 500.22 -2470.2 4.0 0.0 500.05 14945.1 0.0 0.0
57.51 53.9 -54.96 499.77 -2490.2 4.0 0.0 500.39 14945.09 0.0 0.0
52.4 49.7 -54.96 500.17 -2510.2 4.0 0.0 499.59 14945.09 0.0 0.0
47.29 45.44 -54.97 499.72 -2530.2 4.0 0.0 499.97 14945.08 0.0 0.0
44.77 50.12 -627.17 465.55 -2750.2 3.0 0.0 500.36 14372.88 1.0 0.0
49.4 55.48 -844.9 458.77 -2770.2 3.0 0.0 499.56 14155.15 1.0 0.0
53.85 60.66 -1086.49 451.99 -2790.2 3.0 0.0 499.93 13913.56 1.0 0.0
58.13 65.68 -1348.11 445.23 -2810.2 3.0 0.0 500.27 13651.94 1.0 0.0
62.27 70.56 -1626.21 437.88 -2830.2 3.0 0.0 500.6 13373.84 1.0 0.0
66.29 75.3 -1917.37 430.82 -2850.2 3.0 0.0 499.84 13082.68 1.0 0.0
70.21 79.93 -2219.27 424.52 -2870.2 3.0 0.0 500.17 12780.78 1.0 0.0
74.02 84.44 -2529.95 418.89 -2890.2 3.0 0.0 500.51 12470.1 1.0 0.0
77.75 88.85 -2847.66 413.84 -2910.2 3.0 0.0 499.75 12152.39 1.0 0.0
81.41 93.17 -3170.88 409.3 -2930.2 3.0 0.0 500.08 11829.17 1.0 0.0
85.0 97.4 -3498.23 405.19 -2950.2 3.0 0.0 500.41 11501.82 1.0 0.0
88.55 101.56 -3828.44 401.47 -2970.2 3.0 0.0 499.61 11171.6 1.0 0.0
52.07 92.3 -1053.85 301.42 -3346.3 4.0 0.0 499.88 13946.19 0.0 0.0
57.89 88.65 -1053.85 315.42 -3362.3 4.0 0.0 500.21 13946.19 0.0 0.0
66.84 81.9 -1053.85 329.42 -3378.3 4.0 0.0 500.54 13946.19 0.0 0.0
76.08 74.9 -1053.85 343.42 -3395.3 4.0 0.0 499.79 13946.19 0.0 0.0
85.08 68.15 -1053.85 357.42 -3415.3 4.0 0.0 500.12 13946.19 0.0 0.0
93.83 61.68 -1053.85 371.42 -3435.3 4.0 0.0 500.45 13946.19 0.0 0.0
32.88 2.53 -994.59 499.96 -1978.7 4.0 0.0 500.55 14005.46 0.0 0.0
37.44 2.74 -996.54 500.21 -1998.7 4.0 0.0 499.8 14003.51 0.0 0.0
42.0 8.07 -998.48 499.71 -2018.7 4.0 0.0 500.13 14001.56 0.0 0.0
46.56 13.47 -1000.43 499.96 -2038.7 4.0 0.0 500.46 13999.62 0.0 0.0
51.12 18.93 -1002.38 500.21 -2058.7 4.0 0.0 499.66 13997.67 0.0 0.0
55.68 24.46 -1004.32 499.71 -2078.7 4.0 0.0 500.04 13995.73 0.0 0.0
60.24 30.04 -1006.27 499.96 -2098.7 4.0 0.0 500.37 13993.78 0.0 0.0
64.79 35.67 -1008.21 500.21 -2118.7 4.0 0.0 499.57 13991.83 0.0 0.0
69.35 41.36 -1010.16 499.71 -2138.7 4.0 0.0 499.95 13989.89 0.0 0.0
73.91 47.09 -1012.1 499.96 -2158.7 4.0 0.0 500.28 13987.94 0.0 0.0
78.47 52.85 -1014.05 500.21 -2178.7 4.0 0.0 500.61 13986.0 0.0 0.0
83.03 58.64 -1016.0 499.71 -2198.7 4.0 0.0 499.86 13984.05 0.0 0.0
87.59 64.46 -1017.94 499.96 -2218.7 4.0 0.0 500.19 13982.11 0.0 0.0
92.15 70.28 -1019.88 500.21 -2238.7 4.0 0.0 500.52 13980.16 0.0 0.0
96.71 76.11 -1021.83 499.71 -2258.7 4.0 0.0 499.77 13978.22 0.0 0.0
101.27 81.93 -1023.77 499.96 -2278.7 4.0 0.0 500.1 13976.27 0.0 0.0
105.83 87.74 -1025.72 500.21 -2298.7 4.0 0.0 500.44 13974.33 0.0 0.0
107.89 91.02 -1026.57 500.14 -2318.7 4.0 0.0 499.64 13973.47 0.0 0.0
105.37 89.7 -1026.58 499.69 -2338.7 4.0 0.0 500.02 13973.47 0.0 0.0
100.72 86.22 -1026.58 500.09 -2358.7 4.0 0.0 500.35 13973.46 0.0 0.0
95.69 82.33 -1026.59 499.64 -2378.7 4.0 0.0 499.55 13973.46 0.0 0.0
90.62 78.37 -1026.6 500.04 -2398.7 4.0 0.0 499.93 13973.45 0.0 0.0
85.55 74.38 -1026.6 499.59 -2418.7 4.0 0.0 500.26 13973.45 0.0 0.0
80.47 70.36 -1026.61 499.99 -2438.7 4.0 0.0 500.59 13973.44 0.0 0.0
75.4 66.3 -1026.61 499.54 -2458.7 4.0 0.0 499.84 13973.44 0.0 0.0
70.33 62.2 -1026.62 499.94 -2478.7 4.0 0.0 500.17 13973.43 0.0 0.0
65.25 58.06 -1026.62 500.34 -2498.7 4.0 0.0 500.5 13973.43 0.0 0.0
60.18 53.89 -1026.63 499.89 -2518.7 4.0 0.0 499.75 13973.42 0.0 0.0
55.1 49.67 -1026.63 500.29 -2538.7 4.0 0.0 500.08 13973.42 0.0 0.0
50.03 45.41 -1026.64 499.84 -2558.7 4.0 0.0 500.41 13973.41 0.0 0.0
44.95 41.1 -1026.64 500.24 -2578.7 4.0 0.0 499.61 13973.41 0.0 0.0
39.88 36.74 -1026.65 499.79 -2598.7 4.0 0.0 499.99 13973.4 0.0 0.0
34.81 32.33 -1026.65 500.19 -2618.7 4.0 0.0 500.32 13973.4 0.0 0.0
29.73 27.87 -1026.66 499.74 -2638.7 4.0 0.0 499.52 13973.39 0.0 0.0
24.66 23.36 -1026.66 500.14 -2658.7 4.0 0.0 499.9 13973.39 0.0 0.0
20.5 19.71 -1026.61 499.2 -2678.7 3.0 0.0 500.23 13973.44 1.0 0.0
26.56 26.29 -1054.47 492.39 -2698.7 3.0 0.0 500.56 13945.58 1.0 0.0
32.27 32.57 -1130.21 485.59 -2718.7 3.0 0.0 499.81 13869.84 1.0 0.0
37.67 38.59 -1248.69 478.8 -2738.7 3.0 0.0 500.14 13751.36 1.0 0.0
42.79 44.37 -1404.81 472.02 -2758.7 3.0 0.0 500.47 13595.24 1.0 0.0
47.68 49.93 -1593.67 465.25 -2778.7 3.0 0.0 499.67 13406.37 1.0 0.0
52.35 55.3 -1810.71 458.5 -2798.7 3.0 0.0 500.05 13189.34 1.0 0.0
56.84 60.49 -2051.69 451.75 -2818.7 3.0 0.0 500.38 12948.36 1.0 0.0
61.17 65.52 -2312.77 445.02 -2838.7 3.0 0.0 499.58 12687.27 1.0 0.0
65.35 70.41 -2590.41 437.74 -2858.7 3.0 0.0 499.96 12409.64 1.0 0.0
69.41 75.16 -2881.17 430.68 -2878.7 3.0 0.0 500.29 12118.87 1.0 0.0
73.37 79.8 -3182.73 424.38 -2898.7 3.0 0.0 500.62 11817.32 1.0 0.0
77.22 84.32 -3493.1 418.76 -2918.7 3.0 0.0 499.87 11506.95 1.0 0.0
80.99 88.75 -3810.55 413.71 -2938.7 3.0 0.0 500.2 11189.5 1.0 0.0
32.33 92.99 -1511.88 453.94 -3198.7 4.0 0.0 499.75 13488.16 0.0 0.0
37.86 89.6 -1511.89 467.94 -3218.7 4.0 0.0 500.08 13488.16 0.0 0.0
44.77 84.86 -1511.89 481.94 -3238.7 4.0 0.0 500.41 13488.15 0.0 0.0
51.75 80.07 -1511.9 495.94 -3258.7 4.0 0.0 499.61 13488.14 0.0 0.0
58.64 75.39 -1511.91 499.74 -3278.7 4.0 0.0 499.98 13488.14 0.0 0.0
65.53 70.71 -1511.91 500.14 -3298.7 4.0 0.0 500.31 13488.13 0.0 0.0
72.42 66.04 -1511.92 499.69 -3318.7 4.0 0.0 499.51 13488.13 0.0 0.0
79.31 61.37 -1511.92 500.09 -3338.7 4.0 0.0 499.89 13488.12 0.0 0.0
86.2 56.69 -1511.93 499.64 -3358.7 4.0 0.0 500.22 13488.11 0.0 0.0
93.09 52.01 -1511.94 500.04 -3378.7 4.0 0.0 500.55 13488.11 0.0 0.0
99.98 47.32 -1511.94 499.59 -3398.7 4.0 0.0 499.8 13488.1 0.0 0.0
106.87 42.61 -1511.95 499.99 -3418.7 4.0 0.0 500.13 13488.09 0.0 0.0
34.21 0.26 -2144.57 499.65 -1965.4 4.0 0.0 500.11 12855.48 0.0 0.0
38.73 5.56 -2146.23 499.9 -1985.4 4.0 0.0 500.45 12853.82 0.0 0.0
43.26 10.93 -2147.89 500.15 -2005.4 4.0 0.0 499.65 12852.16 0.0 0.0
47.78 16.36 -2149.55 499.65 -2025.4 4.0 0.0 500.03 12850.49 0.0 0.0
52.3 21.86 -2151.22 499.9 -2045.4 4.0 0.0 500.36 12848.83 0.0 0.0
56.83 27.42 -2152.88 500.15 -2065.4 4.0 0.0 499.56 12847.17 0.0 0.0
61.35 33.03 -2154.54 499.65 -2085.4 4.0 0.0 499.94 12845.51 0.0 0.0
65.88 38.7 -2156.2 499.9 -2105.4 4.0 0.0 500.27 12843.85 0.0 0.0
70.4 44.41 -2157.86 500.15 -2125.4 4.0 0.0 500.6 12842.19 0.0 0.0
74.92 50.16 -2159.52 499.65 -2145.4 4.0 0.0 499.85 12840.53 0.0 0.0
79.45 55.95 -2161.18 499.9 -2165.4 4.0 0.0 500.18 12838.87 0.0 0.0
83.97 61.76 -2162.84 500.15 -2185.4 4.0 0.0 500.51 12837.21 0.0 0.0
88.49 67.58 -2164.5 499.65 -2205.4 4.0 0.0 499.76 12835.55 0.0 0.0
93.02 73.41 -2166.16 499.9 -2225.4 4.0 0.0 500.09 12833.89 0.0 0.0
97.54 79.24 -2167.82 500.15 -2245.4 4.0 0.0 500.42 12832.23 0.0 0.0
102.06 85.05 -2169.48 499.65 -2265.4 4.0 0.0 499.62 12830.57 0.0 0.0
106.24 90.5 -2171.02 499.65 -2285.4 4.0 0.0 500.0 12829.03 0.0 0.0
105.15 90.65 -2170.95 499.63 -2305.4 4.0 0.0 500.33 12829.1 0.0 0.0
101.1 87.81 -2170.96 500.03 -2325.4 4.0 0.0 499.53 12829.09 0.0 0.0
96.11 84.01 -2170.96 499.58 -2345.4 4.0 0.0 499.91 12829.09 0.0 0.0
91.01 80.07 -2170.97 499.98 -2365.4 4.0 0.0 500.24 12829.08 0.0 0.0
85.9 76.09 -2170.97 499.53 -2385.4 4.0 0.0 500.58 12829.08 0.0 0.0
80.79 72.07 -2170.98 499.93 -2405.4 4.0 0.0 499.82 12829.07 0.0 0.0
75.68 68.01 -2170.98 500.33 -2425.4 4.0 0.0 500.15 12829.07 0.0 0.0
70.57 63.92 -2170.99 499.88 -2445.4 4.0 0.0 500.49 12829.06 0.0 0.0
65.46 59.79 -2170.99 500.28 -2465.4 4.0 0.0 499.73 12829.06 0.0 0.0
60.35 55.62 -2171.0 499.83 -2485.4 4.0 0.0 500.07 12829.05 0.0 0.0
55.24 51.41 -2171.0 500.23 -2505.4 4.0 0.0 500.4 12829.05 0.0 0.0
50.13 47.15 -2171.01 499.78 -2525.4 4.0 0.0 499.6 12829.04 0.0 0.0
45.02 42.85 -2171.01 500.18 -2545.4 4.0 0.0 499.98 12829.04 0.0 0.0
39.91 38.5 -2171.02 499.73 -2565.4 4.0 0.0 500.31 12829.03 0.0 0.0
34.8 34.09 -2171.02 500.13 -2585.4 4.0 0.0 499.51 12829.03 0.0 0.0
29.69 29.64 -2171.03 499.68 -2605.4 4.0 0.0 499.89 12829.02 0.0 0.0
24.58 25.13 -2171.03 500.08 -2625.4 4.0 0.0 500.22 12829.01 0.0 0.0
19.47 20.56 -2171.04 499.63 -2645.4 4.0 0.0 500.55 12829.01 0.0 0.0
22.55 24.17 -2183.38 495.05 -2665.4 3.0 0.0 499.8 12816.67 1.0 0.0
28.34 30.53 -2242.94 488.21 -2685.4 3.0 0.0 500.13 12757.11 1.0 0.0
33.81 36.62 -2347.05 481.39 -2705.4 3.0 0.0 500.46 12653.0 1.0 0.0
38.99 42.46 -2490.57 474.58 -2725.4 3.0 0.0 499.66 12509.48 1.0 0.0
43.92 48.08 -2668.52 467.79 -2745.4 3.0 0.0 500.04 12331.53 1.0 0.0
48.63 53.5 -2876.2 461.0 -2765.4 3.0 0.0 500.37 12123.85 1.0 0.0
53.14 58.74 -3109.27 454.23 -2785.4 3.0 0.0 499.57 11890.78 1.0 0.0
57.49 63.8 -3363.75 447.48 -2805.4 3.0 0.0 499.95 11636.3 1.0 0.0
61.68 68.72 -3636.04 440.5 -2825.4 3.0 0.0 500.28 11364.01 1.0 0.0
31.42 12.9 -2532.2 499.99 -1929.6 4.0 0.0 499.77 12467.84 1.0 0.0
35.71 7.73 -2534.32 500.24 -1949.6 4.0 0.0 500.1 12465.72 1.0 0.0
39.99 2.5 -2536.44 499.74 -1969.6 4.0 0.0 500.43 12463.6 1.0 0.0
44.28 2.78 -2538.56 499.99 -1989.6 4.0 0.0 499.63 12461.49 0.0 0.0
48.56 8.11 -2540.68 500.24 -2009.6 4.0 0.0 500.01 12459.37 0.0 0.0
52.84 13.51 -2542.8 499.74 -2029.6 4.0 0.0 500.34 12457.25 0.0 0.0
57.13 18.95 -2544.92 499.99 -2049.6 4.0 0.0 499.54 12455.13 0.0 0.0
61.41 24.45 -2547.04 500.24 -2069.6 4.0 0.0 499.92 12453.01 0.0 0.0
65.7 30.0 -2549.16 499.74 -2089.6 4.0 0.0 500.25 12450.89 0.0 0.0
69.98 35.6 -2551.28 499.99 -2109.6 4.0 0.0 500.58 12448.77 0.0 0.0
74.27 41.24 -2553.4 500.24 -2129.6 4.0 0.0 499.83 12446.65 0.0 0.0
78.55 46.91 -2555.51 499.74 -2149.6 4.0 0.0 500.16 12444.53 0.0 0.0
82.84 52.62 -2557.63 499.99 -2169.6 4.0 0.0 500.5 12442.42 0.0 0.0
87.12 58.35 -2559.75 500.24 -2189.6 4.0 0.0 499.74 12440.3 0.0 0.0
91.41 64.1 -2561.87 499.74 -2209.6 4.0 0.0 500.07 12438.18 0.0 0.0
95.69 69.86 -2563.99 499.99 -2229.6 4.0 0.0 500.41 12436.06 0.0 0.0
99.98 75.61 -2566.1 500.24 -2249.6 4.0 0.0 499.61 12433.95 0.0 0.0
104.26 81.37 -2568.22 499.74 -2269.6 4.0 0.0 499.99 12431.83 0.0 0.0
108.55 87.1 -2570.34 499.99 -2289.6 4.0 0.0 500.32 12429.71 0.0 0.0
110.46 90.44 -2571.33 499.81 -2309.6 4.0 0.0 499.52 12428.72 0.0 0.0
107.75 89.15 -2571.33 500.21 -2329.6 4.0 0.0 499.9 12428.71 0.0 0.0
102.86 85.63 -2571.34 499.76 -2349.6 4.0 0.0 500.23 12428.71 0.0 0.0
97.56 81.68 -2571.34 500.16 -2369.6 4.0 0.0 500.56 12428.7 0.0 0.0
92.21 77.67 -2571.35 499.71 -2389.6 4.0 0.0 499.81 12428.7 0.0 0.0
86.86 73.62 -2571.35 500.11 -2409.6 4.0 0.0 500.14 12428.69 0.0 0.0
81.52 69.53 -2571.36 499.66 -2429.6 4.0 0.0 500.47 12428.69 0.0 0.0
76.17 65.41 -2571.37 500.06 -2449.6 4.0 0.0 499.67 12428.68 0.0 0.0
70.82 61.26 -2571.37 499.61 -2469.6 4.0 0.0 500.05 12428.68 0.0 0.0
65.47 57.07 -2571.38 500.01 -2489.6 4.0 0.0 500.38 12428.67 0.0 0.0
60.12 52.84 -2571.38 499.56 -2509.6 4.0 0.0 499.58 12428.67 0.0 0.0
54.77 48.56 -2571.39 499.96 -2529.6 4.0 0.0 499.96 12428.66 0.0 0.0
49.43 44.25 -2571.39 499.51 -2549.6 4.0 0.0 500.29 12428.66 0.0 0.0
44.08 39.89 -2571.4 499.91 -2569.6 4.0 0.0 500.62 12428.65 0.0 0.0
38.73 35.48 -2571.4 500.31 -2589.6 4.0 0.0 499.87 12428.65 0.0 0.0
33.38 31.02 -2571.41 499.86 -2609.6 4.0 0.0 500.2 12428.64 0.0 0.0
28.03 26.51 -2571.41 500.26 -2629.6 4.0 0.0 500.53 12428.64 0.0 0.0
22.68 21.95 -2571.42 499.81 -2649.6 4.0 0.0 499.78 12428.63 0.0 0.0
21.07 21.08 -2573.56 497.92 -2669.6 3.0 0.0 500.11 12426.49 1.0 0.0
26.76 27.55 -2613.86 491.12 -2689.6 3.0 0.0 500.44 12386.19 1.0 0.0
32.11 33.71 -2700.78 484.33 -2709.6 3.0 0.0 499.64 12299.27 1.0 0.0
37.15 39.61 -2829.16 477.54 -2729.6 3.0 0.0 500.02 12170.89 1.0 0.0
41.94 45.27 -2993.95 470.77 -2749.6 3.0 0.0 500.35 12006.1 1.0 0.0
46.49 50.73 -3190.33 464.02 -2769.6 3.0 0.0 499.55 11809.72 1.0 0.0
50.84 55.98 -3413.8 457.27 -2789.6 3.0 0.0 499.93 11586.25 1.0 0.0
55.01 61.07 -3660.25 450.53 -2809.6 3.0 0.0 500.26 11339.79 1.0 0.0
45.63 0.26 -2410.68 500.08 -1587.0 4.0 0.0 499.7 10642.28 1.0 1.0
40.25 4.62 -2461.85 499.63 -1607.0 4.0 0.0 499.59 10930.54 1.0 1.0
34.82 9.59 -2510.93 500.03 -1627.0 4.0 0.0 499.81 11222.09 1.0 1.0
35.91 0.38 -8.92 500.17 -2007.0 4.0 0.0 499.59 14991.13 0.0 0.0
40.43 5.77 -10.27 499.67 -2027.0 4.0 0.0 499.97 14989.78 0.0 0.0
44.95 11.22 -11.62 499.92 -2047.0 4.0 0.0 500.3 14988.43 0.0 0.0
49.48 16.76 -12.96 500.17 -2067.0 4.0 0.0 500.63 14987.09 0.0 0.0
54.0 22.36 -14.31 499.67 -2087.0 4.0 0.0 499.88 14985.74 0.0 0.0
58.52 28.03 -15.65 499.92 -2107.0 4.0 0.0 500.21 14984.39 0.0 0.0
63.05 33.77 -17.0 500.17 -2127.0 4.0 0.0 500.54 14983.05 0.0 0.0
67.57 39.56 -18.35 499.67 -2147.0 4.0 0.0 499.79 14981.7 0.0 0.0
72.1 45.41 -19.69 499.92 -2167.0 4.0 0.0 500.12 14980.36 0.0 0.0
76.62 51.29 -21.04 500.17 -2187.0 4.0 0.0 500.45 14979.01 0.0 0.0
81.14 57.21 -22.39 499.67 -2207.0 4.0 0.0 499.65 14977.66 0.0 0.0
85.67 63.16 -23.73 499.92 -2227.0 4.0 0.0 500.03 14976.32 0.0 0.0
90.19 69.12 -25.08 500.17 -2247.0 4.0 0.0 500.36 14974.97 0.0 0.0
94.71 75.08 -26.42 499.67 -2267.0 4.0 0.0 499.56 14973.63 0.0 0.0
99.24 81.02 -27.77 499.92 -2287.0 4.0 0.0 499.94 14972.28 0.0 0.0
103.76 86.95 -29.11 500.17 -2307.0 4.0 0.0 500.28 14970.93 0.0 0.0
106.27 90.84 -29.85 499.85 -2327.0 4.0 0.0 500.61 14970.2 0.0 0.0
104.08 89.99 -29.83 500.3 -2347.0 4.0 0.0 499.86 14970.22 0.0 0.0
99.5 86.72 -29.83 499.85 -2367.0 4.0 0.0 500.19 14970.22 0.0 0.0
94.44 82.94 -29.84 500.25 -2387.0 4.0 0.0 500.52 14970.21 0.0 0.0
89.34 79.07 -29.84 499.8 -2407.0 4.0 0.0 499.77 14970.21 0.0 0.0
84.23 75.16 -29.85 500.2 -2427.0 4.0 0.0 500.1 14970.2 0.0 0.0
79.12 71.22 -29.85 499.75 -2447.0 4.0 0.0 500.43 14970.2 0.0 0.0
74.01 67.23 -29.86 500.15 -2467.0 4.0 0.0 499.63 14970.19 0.0 0.0
68.9 63.2 -29.86 499.7 -2487.0 4.0 0.0 500.01 14970.19 0.0 0.0
63.79 59.12 -29.87 500.1 -2507.0 4.0 0.0 500.34 14970.18 0.0 0.0
58.68 55.0 -29.87 499.65 -2527.0 4.0 0.0 499.54 14970.18 0.0 0.0
53.57 50.83 -29.88 500.05 -2547.0 4.0 0.0 499.92 14970.17 0.0 0.0
48.46 46.61 -29.88 499.6 -2567.0 4.0 0.0 500.25 14970.17 0.0 0.0
43.35 42.34 -29.89 500.0 -2587.0 4.0 0.0 500.58 14970.16 0.0 0.0
38.24 38.01 -29.89 499.55 -2607.0 4.0 0.0 499.83 14970.16 0.0 0.0
42.73 48.21 -537.14 467.66 -2787.0 3.0 0.0 499.51 14462.91 1.0 0.0
47.43 53.65 -746.21 460.87 -2807.0 3.0 0.0 499.89 14253.84 1.0 0.0
51.93 58.9 -980.46 454.09 -2827.0 3.0 0.0 500.22 14019.58 1.0 0.0
56.27 63.98 -1235.95 447.33 -2847.0 3.0 0.0 500.55 13764.1 1.0 0.0
60.45 68.91 -1509.08 440.29 -2867.0 3.0 0.0 499.8 13490.97 1.0 0.0
64.51 73.71 -1796.27 432.96 -2887.0 3.0 0.0 500.13 13203.78 1.0 0.0
68.46 78.38 -2094.9 426.43 -2907.0 3.0 0.0 500.46 12905.15 1.0 0.0
72.31 82.94 -2402.91 420.6 -2927.0 3.0 0.0 499.66 12597.14 1.0 0.0
76.06 87.39 -2718.5 415.37 -2947.0 3.0 0.0 500.04 12281.55 1.0 0.0
79.74 91.75 -3040.07 410.68 -2967.0 3.0 0.0 500.37 11959.98 1.0 0.0
83.36 96.01 -3366.2 406.44 -2987.0 3.0 0.0 499.57 11633.85 1.0 0.0
86.92 100.2 -3695.59 402.6 -3007.0 3.0 0.0 499.95 11304.46 1.0 0.0
43.98 2.05 -1481.76 446.91 -1864.6 4.0 0.0 499.66 13518.29 1.0 0.0
48.99 3.79 -1484.42 456.91 -1884.6 4.0 0.0 500.04 13515.63 1.0 0.0
53.88 9.58 -1487.14 466.91 -1904.6 4.0 0.0 500.37 13512.91 1.0 0.0
58.66 15.32 -1489.92 476.91 -1924.6 4.0 0.0 499.57 13510.13 0.0 0.0
63.33 21.01 -1492.76 486.91 -1944.6 4.0 0.0 499.95 13507.29 0.0 0.0
67.91 26.66 -1495.65 496.91 -1964.6 4.0 0.0 500.29 13504.4 0.0 0.0
72.4 32.3 -1498.59 500.16 -1984.6 4.0 0.0 500.62 13501.46 0.0 0.0
76.9 37.98 -1501.54 499.66 -2004.6 4.0 0.0 499.87 13498.51 0.0 0.0
81.39 43.7 -1504.48 499.91 -2024.6 4.0 0.0 500.2 13495.57 0.0 0.0
85.88 49.46 -1507.42 500.16 -2044.6 4.0 0.0 500.53 13492.63 0.0 0.0
90.38 55.26 -1510.36 499.66 -2064.6 4.0 0.0 499.78 13489.69 0.0 0.0
94.87 61.08 -1513.3 499.91 -2084.6 4.0 0.0 500.11 13486.74 0.0 0.0
99.36 66.91 -1516.25 500.16 -2104.6 4.0 0.0 500.44 13483.8 0.0 0.0
103.86 72.75 -1519.19 499.66 -2124.6 4.0 0.0 499.64 13480.86 0.0 0.0
108.35 78.6 -1522.13 499.91 -2144.6 4.0 0.0 500.02 13477.92 0.0 0.0
112.84 84.43 -1525.07 500.16 -2164.6 4.0 0.0 500.35 13474.98 0.0 0.0
117.34 90.25 -1528.01 499.66 -2184.6 4.0 0.0 499.55 13472.04 0.0 0.0
116.59 90.81 -1528.02 499.94 -2204.6 4.0 0.0 499.93 13472.03 0.0 0.0
112.71 88.2 -1528.02 500.34 -2224.6 4.0 0.0 500.26 13472.03 0.0 0.0
107.73 84.48 -1528.03 499.89 -2244.6 4.0 0.0 500.59 13472.02 0.0 0.0
102.61 80.58 -1528.03 500.29 -2264.6 4.0 0.0 499.84 13472.02 0.0 0.0
97.47 76.64 -1528.04 499.84 -2284.6 4.0 0.0 500.17 13472.01 0.0 0.0
92.33 72.67 -1528.04 500.24 -2304.6 4.0 0.0 500.5 13472.01 0.0 0.0
87.19 68.66 -1528.05 499.79 -2324.6 4.0 0.0 499.75 13472.0 0.0 0.0
82.05 64.63 -1528.05 500.19 -2344.6 4.0 0.0 500.08 13472.0 0.0 0.0
76.91 60.56 -1528.06 499.74 -2364.6 4.0 0.0 500.41 13471.99 0.0 0.0
71.77 56.45 -1528.06 500.14 -2384.6 4.0 0.0 499.61 13471.99 0.0 0.0
66.63 52.3 -1528.07 499.69 -2404.6 4.0 0.0 499.99 13471.98 0.0 0.0
61.49 48.11 -1528.07 500.09 -2424.6 4.0 0.0 500.32 13471.97 0.0 0.0
56.35 43.88 -1528.08 499.64 -2444.6 4.0 0.0 499.52 13471.97 0.0 0.0
51.21 39.61 -1528.08 500.04 -2464.6 4.0 0.0 499.9 13471.96 0.0 0.0
46.07 35.29 -1528.09 499.59 -2484.6 4.0 0.0 500.23 13471.96 0.0 0.0
40.93 30.92 -1528.1 499.99 -2504.6 4.0 0.0 500.57 13471.95 0.0 0.0
35.79 26.5 -1528.1 499.54 -2524.6 4.0 0.0 499.81 13471.95 0.0 0.0
30.65 22.03 -1528.11 499.94 -2544.6 4.0 0.0 500.14 13471.94 0.0 0.0
30.09 22.1 -1531.54 497.6 -2564.6 3.0 0.0 500.48 13468.51 1.0 0.0
35.96 28.64 -1575.52 490.76 -2584.6 3.0 0.0 499.68 13424.53 1.0 0.0
41.49 34.88 -1665.72 483.93 -2604.6 3.0 0.0 500.05 13334.33 1.0 0.0
46.73 40.87 -1797.0 477.12 -2624.6 3.0 0.0 500.38 13203.05 1.0 0.0
51.7 46.62 -1964.31 470.31 -2644.6 3.0 0.0 499.58 13035.74 1.0 0.0
56.45 52.16 -2162.86 463.52 -2664.6 3.0 0.0 499.96 12837.19 1.0 0.0
60.99 57.51 -2388.18 456.75 -2684.6 3.0 0.0 500.29 12611.87 1.0 0.0
65.36 62.69 -2636.17 449.98 -2704.6 3.0 0.0 500.63 12363.88 1.0 0.0
69.57 67.71 -2903.13 443.23 -2724.6 3.0 0.0 499.87 12096.92 1.0 0.0
73.64 72.58 -3185.46 435.7 -2744.6 3.0 0.0 500.2 11814.59 1.0 0.0
77.6 77.34 -3480.08 428.88 -2764.6 3.0 0.0 500.53 11519.97 1.0 0.0
81.45 81.97 -3784.83 422.79 -2784.6 3.0 0.0 499.78 11215.22 1.0 0.0
43.96 0.89 -2601.2 499.78 -1544.1 4.0 0.0 500.33 10722.02 1.0 1.0
38.75 5.58 -2709.06 500.18 -1564.1 4.0 0.0 500.54 10954.14 1.0 1.0
33.59 10.35 -2814.9 499.73 -1584.1 4.0 0.0 499.41 11188.39 1.0 1.0
34.69 1.96 -367.59 499.64 -2044.1 4.0 0.0 500.53 14632.45 0.0 0.0
39.22 7.35 -369.25 499.89 -2064.1 4.0 0.0 499.78 14630.8 0.0 0.0
43.74 12.81 -370.9 500.14 -2084.1 4.0 0.0 500.11 14629.15 0.0 0.0
48.26 18.34 -372.55 499.64 -2104.1 4.0 0.0 500.44 14627.5 0.0 0.0
52.79 23.95 -374.2 499.89 -2124.1 4.0 0.0 499.64 14625.85 0.0 0.0
57.31 29.62 -375.85 500.14 -2144.1 4.0 0.0 500.02 14624.2 0.0 0.0
61.83 35.36 -377.5 499.64 -2164.1 4.0 0.0 500.35 14622.55 0.0 0.0
66.36 41.15 -379.15 499.89 -2184.1 4.0 0.0 499.55 14620.9 0.0 0.0
70.88 47.0 -380.8 500.14 -2204.1 4.0 0.0 499.93 14619.25 0.0 0.0
75.41 52.88 -382.45 499.64 -2224.1 4.0 0.0 500.26 14617.6 0.0 0.0
79.93 58.79 -384.1 499.89 -2244.1 4.0 0.0 500.59 14615.95 0.0 0.0
84.45 64.73 -385.75 500.14 -2264.1 4.0 0.0 499.84 14614.3 0.0 0.0
88.98 70.67 -387.4 499.64 -2284.1 4.0 0.0 500.17 14612.65 0.0 0.0
93.5 76.62 -389.05 499.89 -2304.1 4.0 0.0 500.5 14611.0 0.0 0.0
98.02 82.55 -390.7 500.14 -2324.1 4.0 0.0 499.75 14609.35 0.0 0.0
102.55 88.46 -392.35 499.64 -2344.1 4.0 0.0 500.08 14607.7 0.0 0.0
103.76 91.02 -392.82 499.97 -2364.1 4.0 0.0 500.41 14607.23 0.0 0.0
100.7 89.28 -392.82 499.52 -2384.1 4.0 0.0 499.61 14607.22 0.0 0.0
95.9 85.76 -392.83 499.92 -2404.1 4.0 0.0 499.99 14607.22 0.0 0.0
90.82 81.93 -392.83 500.32 -2424.1 4.0 0.0 500.32 14607.21 0.0 0.0
85.72 78.04 -392.84 499.87 -2444.1 4.0 0.0 499.52 14607.21 0.0 0.0
80.6 74.1 -392.85 500.27 -2464.1 4.0 0.0 499.9 14607.2 0.0 0.0
75.49 70.12 -392.85 499.82 -2484.1 4.0 0.0 500.24 14607.2 0.0 0.0
70.38 66.1 -392.86 500.22 -2504.1 4.0 0.0 500.57 14607.19 0.0 0.0
65.27 62.04 -392.86 499.77 -2524.1 4.0 0.0 499.81 14607.19 0.0 0.0
60.16 57.94 -392.87 500.17 -2544.1 4.0 0.0 500.15 14607.18 0.0 0.0
55.05 53.78 -392.87 499.72 -2564.1 4.0 0.0 500.48 14607.18 0.0 0.0
49.94 49.58 -392.88 500.12 -2584.1 4.0 0.0 499.68 14607.17 0.0 0.0
44.83 45.32 -392.88 499.67 -2604.1 4.0 0.0 500.06 14607.17 0.0 0.0
39.72 41.01 -392.89 500.07 -2624.1 4.0 0.0 500.39 14607.16 0.0 0.0
34.61 36.65 -392.89 499.62 -2644.1 4.0 0.0 499.59 14607.16 0.0 0.0
32.91 39.11 -625.4 478.48 -2784.1 3.0 0.0 499.78 14374.65 1.0 0.0
37.98 44.86 -784.15 471.7 -2804.1 3.0 0.0 500.12 14215.89 1.0 0.0
42.81 50.39 -975.31 464.93 -2824.1 3.0 0.0 500.45 14024.74 1.0 0.0
47.43 55.74 -1194.3 458.17 -2844.1 3.0 0.0 499.65 13805.75 1.0 0.0
51.87 60.91 -1436.95 451.43 -2864.1 3.0 0.0 500.02 13563.1 1.0 0.0
56.15 65.92 -1699.44 444.69 -2884.1 3.0 0.0 500.36 13300.61 1.0 0.0
60.28 70.78 -1978.23 437.38 -2904.1 3.0 0.0 499.55 13021.82 1.0 0.0
64.3 75.52 -2269.95 430.37 -2924.1 3.0 0.0 499.93 12730.1 1.0 0.0
68.21 80.13 -2572.3 424.11 -2944.1 3.0 0.0 500.26 12427.75 1.0 0.0
72.02 84.64 -2883.33 418.52 -2964.1 3.0 0.0 500.6 12116.72 1.0 0.0
75.75 89.03 -3201.32 413.51 -2984.1 3.0 0.0 499.84 11798.73 1.0 0.0
79.4 93.34 -3524.74 409.0 -3004.1 3.0 0.0 500.17 11475.31 1.0 0.0
82.99 97.56 -3852.22 404.92 -3024.1 3.0 0.0 500.5 11147.83 1.0 0.0
144.59 132.04 57.48 478.5 -3602.5 3.0 0.0 491.61 10766.17 0.0 0.0
142.82 130.62 264.99 492.5 -3622.5 3.0 0.0 489.61 10766.16 0.0 0.0
142.38 127.87 469.92 499.7 -3642.5 3.0 0.0 487.61 10766.16 0.0 0.0
142.11 124.95 672.31 500.1 -3662.5 3.0 0.0 485.61 10766.15 0.0 0.0
141.85 122.01 872.19 499.65 -3682.5 3.0 0.0 483.61 10766.15 0.0 0.0
141.56 119.08 1069.59 500.05 -3702.5 3.0 0.0 481.61 10766.14 0.0 0.0
32.24 7.57 -2552.02 422.43 -1614.1 4.0 0.0 500.43 12448.03 1.0 0.0
35.85 1.66 -2553.31 432.43 -1634.1 4.0 0.0 499.63 12446.73 1.0 0.0
39.41 4.25 -2554.64 442.43 -1654.1 4.0 0.0 500.01 12445.41 1.0 0.0
42.86 10.09 -2555.99 452.43 -1674.1 4.0 0.0 500.34 12444.05 1.0 0.0
46.2 15.84 -2557.38 462.43 -1694.1 4.0 0.0 499.54 12442.66 1.0 0.0
49.42 21.53 -2558.8 472.43 -1714.1 4.0 0.0 499.92 12441.25 1.0 0.0
52.53 27.14 -2560.24 482.43 -1734.1 4.0 0.0 500.25 12439.8 1.0 0.0
55.54 32.69 -2561.72 492.43 -1754.1 4.0 0.0 500.58 12438.33 1.0 0.0
30.04 96.89 -2545.84 442.88 -3174.1 4.0 0.0 500.26 12454.21 0.0 0.0
35.66 93.25 -2545.84 456.88 -3194.1 4.0 0.0 500.59 12454.2 0.0 0.0
42.57 88.35 -2545.85 470.88 -3214.1 4.0 0.0 499.83 12454.2 0.0 0.0
49.52 83.44 -2545.85 484.88 -3234.1 4.0 0.0 500.16 12454.19 0.0 0.0
56.35 78.67 -2545.86 498.88 -3254.1 4.0 0.0 500.49 12454.18 0.0 0.0
63.1 73.99 -2545.87 500.13 -3274.1 4.0 0.0 499.74 12454.18 0.0 0.0
69.85 69.32 -2545.88 499.68 -3294.1 4.0 0.0 500.07 12454.17 0.0 0.0
76.6 64.65 -2545.88 500.08 -3314.1 4.0 0.0 500.4 12454.16 0.0 0.0
83.35 59.98 -2545.89 499.63 -3334.1 4.0 0.0 499.6 12454.16 0.0 0.0
90.1 55.3 -2545.9 500.03 -3354.1 4.0 0.0 499.98 12454.15 0.0 0.0
96.84 50.62 -2545.9 499.58 -3374.1 4.0 0.0 500.31 12454.14 0.0 0.0
103.59 45.92 -2545.91 499.98 -3394.1 4.0 0.0 499.51 12454.13 0.0 0.0
110.34 41.21 -2545.92 499.53 -3414.1 4.0 0.0 499.88 12454.13 0.0 0.0
